«‡¡§±‚∞¸,ø¨∑…(∏∏),∞Ë,≥≤,ø©
µø¿æ,0,62,25,37
µø¿æ,1 - 1,52,26,26
µø¿æ,2 - 2,76,41,35
µø¿æ,3 - 3,77,37,40
µø¿æ,4 - 4,101,49,52
µø¿æ,5 - 5,124,61,63
µø¿æ,6 - 6,130,67,63
µø¿æ,7 - 7,120,60,60
µø¿æ,8 - 8,156,84,72
µø¿æ,9 - 9,172,82,90
µø¿æ,10 - 10,161,87,74
µø¿æ,11 - 11,162,81,81
µø¿æ,12 - 12,159,87,72
µø¿æ,13 - 13,201,111,90
µø¿æ,14 - 14,196,92,104
µø¿æ,15 - 15,171,93,78
µø¿æ,16 - 16,158,86,72
µø¿æ,17 - 17,187,102,85
µø¿æ,18 - 18,193,110,83
µø¿æ,19 - 19,195,125,70
µø¿æ,20 - 20,248,136,112
µø¿æ,21 - 21,242,146,96
µø¿æ,22 - 22,239,140,99
µø¿æ,23 - 23,240,140,100
µø¿æ,24 - 24,240,142,98
µø¿æ,25 - 25,200,124,76
µø¿æ,26 - 26,214,132,82
µø¿æ,27 - 27,223,129,94
µø¿æ,28 - 28,203,117,86
µø¿æ,29 - 29,171,105,66
µø¿æ,30 - 30,192,117,75
µø¿æ,31 - 31,157,92,65
µø¿æ,32 - 32,166,90,76
µø¿æ,33 - 33,144,83,61
µø¿æ,34 - 34,158,93,65
µø¿æ,35 - 35,142,90,52
µø¿æ,36 - 36,183,96,87
µø¿æ,37 - 37,178,85,93
µø¿æ,38 - 38,195,86,109
µø¿æ,39 - 39,247,132,115
µø¿æ,40 - 40,249,119,130
µø¿æ,41 - 41,244,123,121
µø¿æ,42 - 42,273,131,142
µø¿æ,43 - 43,275,149,126
µø¿æ,44 - 44,269,140,129
µø¿æ,45 - 45,280,147,133
µø¿æ,46 - 46,293,149,144
µø¿æ,47 - 47,360,189,171
µø¿æ,48 - 48,410,217,193
µø¿æ,49 - 49,423,226,197
µø¿æ,50 - 50,408,192,216
µø¿æ,51 - 51,388,203,185
µø¿æ,52 - 52,433,216,217
µø¿æ,53 - 53,384,187,197
µø¿æ,54 - 54,375,181,194
µø¿æ,55 - 55,400,206,194
µø¿æ,56 - 56,389,209,180
µø¿æ,57 - 57,326,157,169
µø¿æ,58 - 58,384,205,179
µø¿æ,59 - 59,382,210,172
µø¿æ,60 - 60,444,233,211
µø¿æ,61 - 61,437,227,210
µø¿æ,62 - 62,343,184,159
µø¿æ,63 - 63,344,179,165
µø¿æ,64 - 64,357,176,181
µø¿æ,65 - 65,334,167,167
µø¿æ,66 - 66,332,162,170
µø¿æ,67 - 67,258,125,133
µø¿æ,68 - 68,239,123,116
µø¿æ,69 - 69,260,105,155
µø¿æ,70 - 70,179,92,87
µø¿æ,71 - 71,214,109,105
µø¿æ,72 - 72,206,101,105
µø¿æ,73 - 73,192,94,98
µø¿æ,74 - 74,188,95,93
µø¿æ,75 - 75,113,57,56
µø¿æ,76 - 76,142,63,79
µø¿æ,77 - 77,138,60,78
µø¿æ,78 - 78,144,59,85
µø¿æ,79 - 79,161,48,113
µø¿æ,80 - 80,127,44,83
µø¿æ,81 - 81,143,53,90
µø¿æ,82 - 82,102,31,71
µø¿æ,83 - 83,89,39,50
µø¿æ,84 - 84,102,24,78
µø¿æ,85 - 85,91,32,59
µø¿æ,86 - 86,67,15,52
µø¿æ,87 - 87,57,13,44
µø¿æ,88 - 88,45,11,34
µø¿æ,89 - 89,38,8,30
µø¿æ,90 - 90,27,2,25
µø¿æ,91 - 91,27,2,25
µø¿æ,92 - 92,24,2,22
µø¿æ,93 - 93,11,1,10
µø¿æ,94 - 94,5,0,5
µø¿æ,95 - 95,6,1,5
µø¿æ,96 - 96,3,1,2
µø¿æ,97 - 97,3,0,3
µø¿æ,98 - 98,1,0,1
µø¿æ,99 - 99,1,0,1
µø¿æ,101 - 101,2,0,2
∫œ∏È,0 - 0,448,237,211
∫œ∏È,1 - 1,481,248,233
∫œ∏È,2 - 2,532,281,251
∫œ∏È,3 - 3,602,322,280
∫œ∏È,4 - 4,666,371,295
∫œ∏È,5 - 5,751,376,375
∫œ∏È,6 - 6,717,346,371
∫œ∏È,7 - 7,713,372,341
∫œ∏È,8 - 8,697,336,361
∫œ∏È,9 - 9,707,368,339
∫œ∏È,10 - 10,658,344,314
∫œ∏È,11 - 11,566,285,281
∫œ∏È,12 - 12,490,246,244
∫œ∏È,13 - 13,476,250,226
∫œ∏È,14 - 14,370,178,192
∫œ∏È,15 - 15,321,149,172
∫œ∏È,16 - 16,254,146,108
∫œ∏È,17 - 17,279,144,135
∫œ∏È,18 - 18,267,131,136
∫œ∏È,19 - 19,251,130,121
∫œ∏È,20 - 20,288,175,113
∫œ∏È,21 - 21,335,199,136
∫œ∏È,22 - 22,319,173,146
∫œ∏È,23 - 23,330,182,148
∫œ∏È,24 - 24,366,216,150
∫œ∏È,25 - 25,365,206,159
∫œ∏È,26 - 26,375,211,164
∫œ∏È,27 - 27,443,235,208
∫œ∏È,28 - 28,422,215,207
∫œ∏È,29 - 29,499,235,264
∫œ∏È,30 - 30,520,256,264
∫œ∏È,31 - 31,527,263,264
∫œ∏È,32 - 32,574,284,290
∫œ∏È,33 - 33,661,311,350
∫œ∏È,34 - 34,661,299,362
∫œ∏È,35 - 35,748,387,361
∫œ∏È,36 - 36,885,428,457
∫œ∏È,37 - 37,939,441,498
∫œ∏È,38 - 38,"1,018",498,520
∫œ∏È,39 - 39,"1,101",538,563
∫œ∏È,40 - 40,"1,095",561,534
∫œ∏È,41 - 41,"1,074",595,479
∫œ∏È,42 - 42,856,447,409
∫œ∏È,43 - 43,782,425,357
∫œ∏È,44 - 44,698,371,327
∫œ∏È,45 - 45,657,372,285
∫œ∏È,46 - 46,580,317,263
∫œ∏È,47 - 47,611,330,281
∫œ∏È,48 - 48,551,287,264
∫œ∏È,49 - 49,586,297,289
∫œ∏È,50 - 50,601,301,300
∫œ∏È,51 - 51,594,300,294
∫œ∏È,52 - 52,652,320,332
∫œ∏È,53 - 53,612,272,340
∫œ∏È,54 - 54,619,263,356
∫œ∏È,55 - 55,600,280,320
∫œ∏È,56 - 56,634,312,322
∫œ∏È,57 - 57,506,229,277
∫œ∏È,58 - 58,648,333,315
∫œ∏È,59 - 59,673,347,326
∫œ∏È,60 - 60,744,367,377
∫œ∏È,61 - 61,730,383,347
∫œ∏È,62 - 62,599,340,259
∫œ∏È,63 - 63,564,289,275
∫œ∏È,64 - 64,571,279,292
∫œ∏È,65 - 65,498,254,244
∫œ∏È,66 - 66,446,224,222
∫œ∏È,67 - 67,371,191,180
∫œ∏È,68 - 68,349,171,178
∫œ∏È,69 - 69,335,195,140
∫œ∏È,70 - 70,244,121,123
∫œ∏È,71 - 71,252,112,140
∫œ∏È,72 - 72,259,131,128
∫œ∏È,73 - 73,210,112,98
∫œ∏È,74 - 74,195,104,91
∫œ∏È,75 - 75,129,70,59
∫œ∏È,76 - 76,141,67,74
∫œ∏È,77 - 77,163,78,85
∫œ∏È,78 - 78,166,75,91
∫œ∏È,79 - 79,146,63,83
∫œ∏È,80 - 80,128,49,79
∫œ∏È,81 - 81,128,43,85
∫œ∏È,82 - 82,123,40,83
∫œ∏È,83 - 83,102,25,77
∫œ∏È,84 - 84,103,26,77
∫œ∏È,85 - 85,80,22,58
∫œ∏È,86 - 86,85,22,63
∫œ∏È,87 - 87,60,12,48
∫œ∏È,88 - 88,53,14,39
∫œ∏È,89 - 89,52,12,40
∫œ∏È,90 - 90,37,4,33
∫œ∏È,91 - 91,30,4,26
∫œ∏È,92 - 92,26,5,21
∫œ∏È,93 - 93,19,4,15
∫œ∏È,94 - 94,10,1,9
∫œ∏È,95 - 95,7,1,6
∫œ∏È,96 - 96,6,1,5
∫œ∏È,97 - 97,3,1,2
∫œ∏È,98 - 98,5,0,5
∫œ∏È,99 - 99,2,0,2
∫œ∏È,100 - 100,2,0,2
∫œ∏È,101 - 101,1,0,1
∫œ∏È,102 - 102,1,1,0
∫œ∏È,106 - 106,1,0,1
¥ÎªÍ∏È,0 - 0,19,9,10
¥ÎªÍ∏È,1 - 1,21,13,8
¥ÎªÍ∏È,2 - 2,20,12,8
¥ÎªÍ∏È,3 - 3,15,10,5
¥ÎªÍ∏È,4 - 4,22,11,11
¥ÎªÍ∏È,5 - 5,31,19,12
¥ÎªÍ∏È,6 - 6,27,17,10
¥ÎªÍ∏È,7 - 7,30,16,14
¥ÎªÍ∏È,8 - 8,29,13,16
¥ÎªÍ∏È,9 - 9,28,10,18
¥ÎªÍ∏È,10 - 10,29,13,16
¥ÎªÍ∏È,11 - 11,44,26,18
¥ÎªÍ∏È,12 - 12,24,15,9
¥ÎªÍ∏È,13 - 13,40,17,23
¥ÎªÍ∏È,14 - 14,31,19,12
¥ÎªÍ∏È,15 - 15,38,21,17
¥ÎªÍ∏È,16 - 16,42,22,20
¥ÎªÍ∏È,17 - 17,40,23,17
¥ÎªÍ∏È,18 - 18,47,24,23
¥ÎªÍ∏È,19 - 19,40,29,11
¥ÎªÍ∏È,20 - 20,65,35,30
¥ÎªÍ∏È,21 - 21,62,36,26
¥ÎªÍ∏È,22 - 22,59,35,24
¥ÎªÍ∏È,23 - 23,68,36,32
¥ÎªÍ∏È,24 - 24,60,36,24
¥ÎªÍ∏È,25 - 25,67,41,26
¥ÎªÍ∏È,26 - 26,61,33,28
¥ÎªÍ∏È,27 - 27,59,35,24
¥ÎªÍ∏È,28 - 28,60,30,30
¥ÎªÍ∏È,29 - 29,57,36,21
¥ÎªÍ∏È,30 - 30,79,37,42
¥ÎªÍ∏È,31 - 31,66,47,19
¥ÎªÍ∏È,32 - 32,58,41,17
¥ÎªÍ∏È,33 - 33,58,33,25
¥ÎªÍ∏È,34 - 34,47,28,19
¥ÎªÍ∏È,35 - 35,50,33,17
¥ÎªÍ∏È,36 - 36,59,36,23
¥ÎªÍ∏È,37 - 37,92,61,31
¥ÎªÍ∏È,38 - 38,60,37,23
¥ÎªÍ∏È,39 - 39,76,45,31
¥ÎªÍ∏È,40 - 40,73,42,31
¥ÎªÍ∏È,41 - 41,68,38,30
¥ÎªÍ∏È,42 - 42,61,33,28
¥ÎªÍ∏È,43 - 43,74,47,27
¥ÎªÍ∏È,44 - 44,74,50,24
¥ÎªÍ∏È,45 - 45,63,32,31
¥ÎªÍ∏È,46 - 46,61,37,24
¥ÎªÍ∏È,47 - 47,99,58,41
¥ÎªÍ∏È,48 - 48,111,68,43
¥ÎªÍ∏È,49 - 49,90,52,38
¥ÎªÍ∏È,50 - 50,121,62,59
¥ÎªÍ∏È,51 - 51,99,55,44
¥ÎªÍ∏È,52 - 52,114,51,63
¥ÎªÍ∏È,53 - 53,127,60,67
¥ÎªÍ∏È,54 - 54,116,56,60
¥ÎªÍ∏È,55 - 55,145,78,67
¥ÎªÍ∏È,56 - 56,126,64,62
¥ÎªÍ∏È,57 - 57,128,67,61
¥ÎªÍ∏È,58 - 58,158,85,73
¥ÎªÍ∏È,59 - 59,164,82,82
¥ÎªÍ∏È,60 - 60,213,100,113
¥ÎªÍ∏È,61 - 61,193,98,95
¥ÎªÍ∏È,62 - 62,197,116,81
¥ÎªÍ∏È,63 - 63,158,75,83
¥ÎªÍ∏È,64 - 64,171,82,89
¥ÎªÍ∏È,65 - 65,166,99,67
¥ÎªÍ∏È,66 - 66,161,81,80
¥ÎªÍ∏È,67 - 67,146,68,78
¥ÎªÍ∏È,68 - 68,130,69,61
¥ÎªÍ∏È,69 - 69,146,69,77
¥ÎªÍ∏È,70 - 70,105,50,55
¥ÎªÍ∏È,71 - 71,87,43,44
¥ÎªÍ∏È,72 - 72,103,39,64
¥ÎªÍ∏È,73 - 73,138,60,78
¥ÎªÍ∏È,74 - 74,89,33,56
¥ÎªÍ∏È,75 - 75,55,29,26
¥ÎªÍ∏È,76 - 76,81,39,42
¥ÎªÍ∏È,77 - 77,67,25,42
¥ÎªÍ∏È,78 - 78,102,43,59
¥ÎªÍ∏È,79 - 79,92,36,56
¥ÎªÍ∏È,80 - 80,78,29,49
¥ÎªÍ∏È,81 - 81,55,18,37
¥ÎªÍ∏È,82 - 82,65,16,49
¥ÎªÍ∏È,83 - 83,68,25,43
¥ÎªÍ∏È,84 - 84,56,15,41
¥ÎªÍ∏È,85 - 85,57,11,46
¥ÎªÍ∏È,86 - 86,42,8,34
¥ÎªÍ∏È,87 - 87,40,6,34
¥ÎªÍ∏È,88 - 88,34,8,26
¥ÎªÍ∏È,89 - 89,18,6,12
¥ÎªÍ∏È,90 - 90,21,4,17
¥ÎªÍ∏È,91 - 91,15,1,14
¥ÎªÍ∏È,92 - 92,18,7,11
¥ÎªÍ∏È,93 - 93,8,1,7
¥ÎªÍ∏È,94 - 94,4,1,3
¥ÎªÍ∏È,95 - 95,6,1,5
¥ÎªÍ∏È,96 - 96,3,0,3
¥ÎªÍ∏È,97 - 97,2,0,2
¥ÎªÍ∏È,98 - 98,2,0,2
¥ÎªÍ∏È,99 - 99,1,0,1
¥ÎªÍ∏È,100 - 100,1,1,0
¥ÎªÍ∏È,109 - 109,1,0,1
¿«√¢µø,0 - 0,305,149,156
¿«√¢µø,1 - 1,305,146,159
¿«√¢µø,2 - 2,340,181,159
¿«√¢µø,3 - 3,380,192,188
¿«√¢µø,4 - 4,427,223,204
¿«√¢µø,5 - 5,493,236,257
¿«√¢µø,6 - 6,483,232,251
¿«√¢µø,7 - 7,475,249,226
¿«√¢µø,8 - 8,496,260,236
¿«√¢µø,9 - 9,465,216,249
¿«√¢µø,10 - 10,483,257,226
¿«√¢µø,11 - 11,448,241,207
¿«√¢µø,12 - 12,449,223,226
¿«√¢µø,13 - 13,468,237,231
¿«√¢µø,14 - 14,448,254,194
¿«√¢µø,15 - 15,417,209,208
¿«√¢µø,16 - 16,435,218,217
¿«√¢µø,17 - 17,458,219,239
¿«√¢µø,18 - 18,460,257,203
¿«√¢µø,19 - 19,529,289,240
¿«√¢µø,20 - 20,650,339,311
¿«√¢µø,21 - 21,691,384,307
¿«√¢µø,22 - 22,562,317,245
¿«√¢µø,23 - 23,650,355,295
¿«√¢µø,24 - 24,707,408,299
¿«√¢µø,25 - 25,697,376,321
¿«√¢µø,26 - 26,675,394,281
¿«√¢µø,27 - 27,721,389,332
¿«√¢µø,28 - 28,727,399,328
¿«√¢µø,29 - 29,781,421,360
¿«√¢µø,30 - 30,710,380,330
¿«√¢µø,31 - 31,638,353,285
¿«√¢µø,32 - 32,661,353,308
¿«√¢µø,33 - 33,611,328,283
¿«√¢µø,34 - 34,593,317,276
¿«√¢µø,35 - 35,694,373,321
¿«√¢µø,36 - 36,652,350,302
¿«√¢µø,37 - 37,696,345,351
¿«√¢µø,38 - 38,795,435,360
¿«√¢µø,39 - 39,864,446,418
¿«√¢µø,40 - 40,901,468,433
¿«√¢µø,41 - 41,872,443,429
¿«√¢µø,42 - 42,736,380,356
¿«√¢µø,43 - 43,765,408,357
¿«√¢µø,44 - 44,677,343,334
¿«√¢µø,45 - 45,716,361,355
¿«√¢µø,46 - 46,749,398,351
¿«√¢µø,47 - 47,782,377,405
¿«√¢µø,48 - 48,933,444,489
¿«√¢µø,49 - 49,894,416,478
¿«√¢µø,50 - 50,930,431,499
¿«√¢µø,51 - 51,948,445,503
¿«√¢µø,52 - 52,"1,061",499,562
¿«√¢µø,53 - 53,"1,006",475,531
¿«√¢µø,54 - 54,937,460,477
¿«√¢µø,55 - 55,"1,024",505,519
¿«√¢µø,56 - 56,"1,038",505,533
¿«√¢µø,57 - 57,767,363,404
¿«√¢µø,58 - 58,959,495,464
¿«√¢µø,59 - 59,934,476,458
¿«√¢µø,60 - 60,"1,063",542,521
¿«√¢µø,61 - 61,969,484,485
¿«√¢µø,62 - 62,819,440,379
¿«√¢µø,63 - 63,712,346,366
¿«√¢µø,64 - 64,664,322,342
¿«√¢µø,65 - 65,569,253,316
¿«√¢µø,66 - 66,628,320,308
¿«√¢µø,67 - 67,519,253,266
¿«√¢µø,68 - 68,469,234,235
¿«√¢µø,69 - 69,453,215,238
¿«√¢µø,70 - 70,353,186,167
¿«√¢µø,71 - 71,329,171,158
¿«√¢µø,72 - 72,334,165,169
¿«√¢µø,73 - 73,317,172,145
¿«√¢µø,74 - 74,237,130,107
¿«√¢µø,75 - 75,168,75,93
¿«√¢µø,76 - 76,202,94,108
¿«√¢µø,77 - 77,180,83,97
¿«√¢µø,78 - 78,195,86,109
¿«√¢µø,79 - 79,178,70,108
¿«√¢µø,80 - 80,143,56,87
¿«√¢µø,81 - 81,153,56,97
¿«√¢µø,82 - 82,115,43,72
¿«√¢µø,83 - 83,107,21,86
¿«√¢µø,84 - 84,93,30,63
¿«√¢µø,85 - 85,90,32,58
¿«√¢µø,86 - 86,77,26,51
¿«√¢µø,87 - 87,69,20,49
¿«√¢µø,88 - 88,54,16,38
¿«√¢µø,89 - 89,44,3,41
¿«√¢µø,90 - 90,34,13,21
¿«√¢µø,91 - 91,31,5,26
¿«√¢µø,92 - 92,23,5,18
¿«√¢µø,93 - 93,15,1,14
¿«√¢µø,94 - 94,10,1,9
¿«√¢µø,95 - 95,5,0,5
¿«√¢µø,96 - 96,5,1,4
¿«√¢µø,97 - 97,6,0,6
¿«√¢µø,98 - 98,3,1,2
¿«√¢µø,99 - 99,1,0,1
¿«√¢µø,101 - 101,1,0,1
¿«√¢µø,106 - 106,1,0,1
¿«√¢µø,121 - 121,1,0,1
∆»∑Êµø,0 - 0,186,107,79
∆»∑Êµø,1 - 1,128,57,71
∆»∑Êµø,2 - 2,182,102,80
∆»∑Êµø,3 - 3,189,98,91
∆»∑Êµø,4 - 4,178,92,86
∆»∑Êµø,5 - 5,213,111,102
∆»∑Êµø,6 - 6,202,109,93
∆»∑Êµø,7 - 7,221,112,109
∆»∑Êµø,8 - 8,212,101,111
∆»∑Êµø,9 - 9,246,126,120
∆»∑Êµø,10 - 10,235,125,110
∆»∑Êµø,11 - 11,214,112,102
∆»∑Êµø,12 - 12,240,121,119
∆»∑Êµø,13 - 13,262,146,116
∆»∑Êµø,14 - 14,268,145,123
∆»∑Êµø,15 - 15,261,139,122
∆»∑Êµø,16 - 16,242,129,113
∆»∑Êµø,17 - 17,345,202,143
∆»∑Êµø,18 - 18,302,164,138
∆»∑Êµø,19 - 19,313,169,144
∆»∑Êµø,20 - 20,365,185,180
∆»∑Êµø,21 - 21,389,221,168
∆»∑Êµø,22 - 22,409,222,187
∆»∑Êµø,23 - 23,408,223,185
∆»∑Êµø,24 - 24,409,217,192
∆»∑Êµø,25 - 25,382,224,158
∆»∑Êµø,26 - 26,384,207,177
∆»∑Êµø,27 - 27,379,191,188
∆»∑Êµø,28 - 28,395,225,170
∆»∑Êµø,29 - 29,377,197,180
∆»∑Êµø,30 - 30,400,215,185
∆»∑Êµø,31 - 31,357,182,175
∆»∑Êµø,32 - 32,360,185,175
∆»∑Êµø,33 - 33,374,211,163
∆»∑Êµø,34 - 34,365,199,166
∆»∑Êµø,35 - 35,322,178,144
∆»∑Êµø,36 - 36,357,187,170
∆»∑Êµø,37 - 37,348,189,159
∆»∑Êµø,38 - 38,362,185,177
∆»∑Êµø,39 - 39,425,203,222
∆»∑Êµø,40 - 40,424,224,200
∆»∑Êµø,41 - 41,410,199,211
∆»∑Êµø,42 - 42,371,180,191
∆»∑Êµø,43 - 43,396,199,197
∆»∑Êµø,44 - 44,367,191,176
∆»∑Êµø,45 - 45,401,195,206
∆»∑Êµø,46 - 46,468,230,238
∆»∑Êµø,47 - 47,508,237,271
∆»∑Êµø,48 - 48,479,209,270
∆»∑Êµø,49 - 49,554,256,298
∆»∑Êµø,50 - 50,578,276,302
∆»∑Êµø,51 - 51,591,303,288
∆»∑Êµø,52 - 52,596,296,300
∆»∑Êµø,53 - 53,533,261,272
∆»∑Êµø,54 - 54,489,228,261
∆»∑Êµø,55 - 55,492,241,251
∆»∑Êµø,56 - 56,486,231,255
∆»∑Êµø,57 - 57,412,224,188
∆»∑Êµø,58 - 58,459,242,217
∆»∑Êµø,59 - 59,418,211,207
∆»∑Êµø,60 - 60,484,263,221
∆»∑Êµø,61 - 61,409,222,187
∆»∑Êµø,62 - 62,368,181,187
∆»∑Êµø,63 - 63,308,168,140
∆»∑Êµø,64 - 64,285,146,139
∆»∑Êµø,65 - 65,271,135,136
∆»∑Êµø,66 - 66,258,135,123
∆»∑Êµø,67 - 67,211,98,113
∆»∑Êµø,68 - 68,198,101,97
∆»∑Êµø,69 - 69,182,96,86
∆»∑Êµø,70 - 70,123,60,63
∆»∑Êµø,71 - 71,140,71,69
∆»∑Êµø,72 - 72,114,56,58
∆»∑Êµø,73 - 73,113,59,54
∆»∑Êµø,74 - 74,113,52,61
∆»∑Êµø,75 - 75,63,26,37
∆»∑Êµø,76 - 76,57,28,29
∆»∑Êµø,77 - 77,54,21,33
∆»∑Êµø,78 - 78,79,25,54
∆»∑Êµø,79 - 79,51,21,30
∆»∑Êµø,80 - 80,52,27,25
∆»∑Êµø,81 - 81,52,13,39
∆»∑Êµø,82 - 82,41,17,24
∆»∑Êµø,83 - 83,48,15,33
∆»∑Êµø,84 - 84,36,14,22
∆»∑Êµø,85 - 85,24,8,16
∆»∑Êµø,86 - 86,36,14,22
∆»∑Êµø,87 - 87,27,9,18
∆»∑Êµø,88 - 88,9,2,7
∆»∑Êµø,89 - 89,17,4,13
∆»∑Êµø,90 - 90,10,2,8
∆»∑Êµø,91 - 91,8,1,7
∆»∑Êµø,92 - 92,9,1,8
∆»∑Êµø,93 - 93,6,2,4
∆»∑Êµø,94 - 94,5,1,4
∆»∑Êµø,96 - 96,1,0,1
∆»∑Êµø,97 - 97,1,0,1
∆»∑Êµø,98 - 98,2,0,2
∆»∑Êµø,100 - 100,1,0,1
∆»∑Êµø,101 - 101,1,0,1
∏Ì∞Óµø,0 - 0,119,54,65
∏Ì∞Óµø,1 - 1,147,76,71
∏Ì∞Óµø,2 - 2,187,91,96
∏Ì∞Óµø,3 - 3,179,83,96
∏Ì∞Óµø,4 - 4,233,118,115
∏Ì∞Óµø,5 - 5,248,136,112
∏Ì∞Óµø,6 - 6,281,143,138
∏Ì∞Óµø,7 - 7,253,142,111
∏Ì∞Óµø,8 - 8,281,143,138
∏Ì∞Óµø,9 - 9,311,172,139
∏Ì∞Óµø,10 - 10,367,182,185
∏Ì∞Óµø,11 - 11,301,152,149
∏Ì∞Óµø,12 - 12,356,187,169
∏Ì∞Óµø,13 - 13,377,177,200
∏Ì∞Óµø,14 - 14,339,178,161
∏Ì∞Óµø,15 - 15,359,201,158
∏Ì∞Óµø,16 - 16,374,212,162
∏Ì∞Óµø,17 - 17,435,231,204
∏Ì∞Óµø,18 - 18,458,243,215
∏Ì∞Óµø,19 - 19,474,272,202
∏Ì∞Óµø,20 - 20,558,292,266
∏Ì∞Óµø,21 - 21,639,366,273
∏Ì∞Óµø,22 - 22,625,343,282
∏Ì∞Óµø,23 - 23,649,357,292
∏Ì∞Óµø,24 - 24,662,361,301
∏Ì∞Óµø,25 - 25,674,382,292
∏Ì∞Óµø,26 - 26,643,354,289
∏Ì∞Óµø,27 - 27,676,368,308
∏Ì∞Óµø,28 - 28,635,356,279
∏Ì∞Óµø,29 - 29,558,319,239
∏Ì∞Óµø,30 - 30,533,307,226
∏Ì∞Óµø,31 - 31,470,262,208
∏Ì∞Óµø,32 - 32,402,214,188
∏Ì∞Óµø,33 - 33,340,180,160
∏Ì∞Óµø,34 - 34,339,175,164
∏Ì∞Óµø,35 - 35,362,180,182
∏Ì∞Óµø,36 - 36,394,216,178
∏Ì∞Óµø,37 - 37,394,217,177
∏Ì∞Óµø,38 - 38,495,257,238
∏Ì∞Óµø,39 - 39,511,264,247
∏Ì∞Óµø,40 - 40,525,275,250
∏Ì∞Óµø,41 - 41,546,275,271
∏Ì∞Óµø,42 - 42,561,297,264
∏Ì∞Óµø,43 - 43,492,251,241
∏Ì∞Óµø,44 - 44,526,247,279
∏Ì∞Óµø,45 - 45,576,283,293
∏Ì∞Óµø,46 - 46,678,348,330
∏Ì∞Óµø,47 - 47,714,351,363
∏Ì∞Óµø,48 - 48,829,390,439
∏Ì∞Óµø,49 - 49,779,381,398
∏Ì∞Óµø,50 - 50,875,399,476
∏Ì∞Óµø,51 - 51,925,430,495
∏Ì∞Óµø,52 - 52,953,460,493
∏Ì∞Óµø,53 - 53,948,455,493
∏Ì∞Óµø,54 - 54,919,437,482
∏Ì∞Óµø,55 - 55,942,446,496
∏Ì∞Óµø,56 - 56,889,464,425
∏Ì∞Óµø,57 - 57,801,406,395
∏Ì∞Óµø,58 - 58,943,490,453
∏Ì∞Óµø,59 - 59,889,470,419
∏Ì∞Óµø,60 - 60,980,495,485
∏Ì∞Óµø,61 - 61,864,431,433
∏Ì∞Óµø,62 - 62,728,365,363
∏Ì∞Óµø,63 - 63,697,352,345
∏Ì∞Óµø,64 - 64,629,321,308
∏Ì∞Óµø,65 - 65,587,298,289
∏Ì∞Óµø,66 - 66,557,278,279
∏Ì∞Óµø,67 - 67,461,219,242
∏Ì∞Óµø,68 - 68,402,211,191
∏Ì∞Óµø,69 - 69,401,209,192
∏Ì∞Óµø,70 - 70,315,156,159
∏Ì∞Óµø,71 - 71,287,156,131
∏Ì∞Óµø,72 - 72,300,150,150
∏Ì∞Óµø,73 - 73,247,119,128
∏Ì∞Óµø,74 - 74,272,129,143
∏Ì∞Óµø,75 - 75,146,70,76
∏Ì∞Óµø,76 - 76,184,86,98
∏Ì∞Óµø,77 - 77,195,87,108
∏Ì∞Óµø,78 - 78,178,67,111
∏Ì∞Óµø,79 - 79,187,83,104
∏Ì∞Óµø,80 - 80,148,60,88
∏Ì∞Óµø,81 - 81,126,48,78
∏Ì∞Óµø,82 - 82,108,42,66
∏Ì∞Óµø,83 - 83,80,33,47
∏Ì∞Óµø,84 - 84,99,45,54
∏Ì∞Óµø,85 - 85,83,32,51
∏Ì∞Óµø,86 - 86,80,27,53
∏Ì∞Óµø,87 - 87,52,10,42
∏Ì∞Óµø,88 - 88,39,11,28
∏Ì∞Óµø,89 - 89,45,5,40
∏Ì∞Óµø,90 - 90,31,9,22
∏Ì∞Óµø,91 - 91,25,6,19
∏Ì∞Óµø,92 - 92,17,7,10
∏Ì∞Óµø,93 - 93,13,2,11
∏Ì∞Óµø,94 - 94,6,2,4
∏Ì∞Óµø,95 - 95,7,0,7
∏Ì∞Óµø,96 - 96,7,2,5
∏Ì∞Óµø,97 - 97,3,1,2
∏Ì∞Óµø,103 - 103,2,0,2
∏Ì∞Óµø,105 - 105,1,0,1
∏Ì∞Óµø,106 - 106,1,0,1
∏Ì∞Óµø,108 - 108,1,1,0
∫¿∏≤µø,0 - 0,91,38,53
∫¿∏≤µø,1 - 1,81,41,40
∫¿∏≤µø,2 - 2,107,50,57
∫¿∏≤µø,3 - 3,132,66,66
∫¿∏≤µø,4 - 4,149,77,72
∫¿∏≤µø,5 - 5,156,78,78
∫¿∏≤µø,6 - 6,161,89,72
∫¿∏≤µø,7 - 7,181,91,90
∫¿∏≤µø,8 - 8,166,81,85
∫¿∏≤µø,9 - 9,196,107,89
∫¿∏≤µø,10 - 10,212,98,114
∫¿∏≤µø,11 - 11,196,108,88
∫¿∏≤µø,12 - 12,194,103,91
∫¿∏≤µø,13 - 13,192,98,94
∫¿∏≤µø,14 - 14,218,112,106
∫¿∏≤µø,15 - 15,199,107,92
∫¿∏≤µø,16 - 16,189,100,89
∫¿∏≤µø,17 - 17,233,127,106
∫¿∏≤µø,18 - 18,246,151,95
∫¿∏≤µø,19 - 19,271,132,139
∫¿∏≤µø,20 - 20,358,172,186
∫¿∏≤µø,21 - 21,406,205,201
∫¿∏≤µø,22 - 22,424,224,200
∫¿∏≤µø,23 - 23,496,271,225
∫¿∏≤µø,24 - 24,565,318,247
∫¿∏≤µø,25 - 25,514,322,192
∫¿∏≤µø,26 - 26,565,342,223
∫¿∏≤µø,27 - 27,538,298,240
∫¿∏≤µø,28 - 28,503,310,193
∫¿∏≤µø,29 - 29,481,292,189
∫¿∏≤µø,30 - 30,434,255,179
∫¿∏≤µø,31 - 31,447,283,164
∫¿∏≤µø,32 - 32,373,211,162
∫¿∏≤µø,33 - 33,346,206,140
∫¿∏≤µø,34 - 34,334,197,137
∫¿∏≤µø,35 - 35,330,200,130
∫¿∏≤µø,36 - 36,312,173,139
∫¿∏≤µø,37 - 37,362,216,146
∫¿∏≤µø,38 - 38,402,217,185
∫¿∏≤µø,39 - 39,387,230,157
∫¿∏≤µø,40 - 40,376,204,172
∫¿∏≤µø,41 - 41,409,205,204
∫¿∏≤µø,42 - 42,419,228,191
∫¿∏≤µø,43 - 43,367,195,172
∫¿∏≤µø,44 - 44,363,211,152
∫¿∏≤µø,45 - 45,367,194,173
∫¿∏≤µø,46 - 46,391,205,186
∫¿∏≤µø,47 - 47,459,242,217
∫¿∏≤µø,48 - 48,499,234,265
∫¿∏≤µø,49 - 49,499,243,256
∫¿∏≤µø,50 - 50,526,264,262
∫¿∏≤µø,51 - 51,545,264,281
∫¿∏≤µø,52 - 52,618,306,312
∫¿∏≤µø,53 - 53,597,290,307
∫¿∏≤µø,54 - 54,619,308,311
∫¿∏≤µø,55 - 55,600,310,290
∫¿∏≤µø,56 - 56,623,316,307
∫¿∏≤µø,57 - 57,550,267,283
∫¿∏≤µø,58 - 58,685,366,319
∫¿∏≤µø,59 - 59,629,313,316
∫¿∏≤µø,60 - 60,716,360,356
∫¿∏≤µø,61 - 61,684,351,333
∫¿∏≤µø,62 - 62,642,315,327
∫¿∏≤µø,63 - 63,531,271,260
∫¿∏≤µø,64 - 64,488,225,263
∫¿∏≤µø,65 - 65,497,244,253
∫¿∏≤µø,66 - 66,515,269,246
∫¿∏≤µø,67 - 67,391,212,179
∫¿∏≤µø,68 - 68,322,155,167
∫¿∏≤µø,69 - 69,362,186,176
∫¿∏≤µø,70 - 70,237,117,120
∫¿∏≤µø,71 - 71,246,121,125
∫¿∏≤µø,72 - 72,235,123,112
∫¿∏≤µø,73 - 73,233,118,115
∫¿∏≤µø,74 - 74,215,113,102
∫¿∏≤µø,75 - 75,109,53,56
∫¿∏≤µø,76 - 76,147,67,80
∫¿∏≤µø,77 - 77,149,69,80
∫¿∏≤µø,78 - 78,131,55,76
∫¿∏≤µø,79 - 79,149,57,92
∫¿∏≤µø,80 - 80,116,52,64
∫¿∏≤µø,81 - 81,106,36,70
∫¿∏≤µø,82 - 82,97,28,69
∫¿∏≤µø,83 - 83,99,29,70
∫¿∏≤µø,84 - 84,82,31,51
∫¿∏≤µø,85 - 85,69,19,50
∫¿∏≤µø,86 - 86,66,23,43
∫¿∏≤µø,87 - 87,39,7,32
∫¿∏≤µø,88 - 88,40,11,29
∫¿∏≤µø,89 - 89,33,7,26
∫¿∏≤µø,90 - 90,36,10,26
∫¿∏≤µø,91 - 91,25,5,20
∫¿∏≤µø,92 - 92,14,3,11
∫¿∏≤µø,93 - 93,10,1,9
∫¿∏≤µø,94 - 94,11,1,10
∫¿∏≤µø,95 - 95,9,2,7
∫¿∏≤µø,96 - 96,3,0,3
∫¿∏≤µø,97 - 97,4,0,4
∫¿∏≤µø,98 - 98,2,0,2
∫¿∏≤µø,99 - 99,1,0,1
∫¿∏≤µø,103 - 103,1,1,0
∫¿∏≤µø,104 - 104,2,0,2
π›º€µø,0 - 0,153,61,92
π›º€µø,1 - 1,162,89,73
π›º€µø,2 - 2,186,83,103
π›º€µø,3 - 3,272,136,136
π›º€µø,4 - 4,288,144,144
π›º€µø,5 - 5,349,194,155
π›º€µø,6 - 6,392,206,186
π›º€µø,7 - 7,408,197,211
π›º€µø,8 - 8,420,214,206
π›º€µø,9 - 9,480,258,222
π›º€µø,10 - 10,484,254,230
π›º€µø,11 - 11,486,260,226
π›º€µø,12 - 12,520,278,242
π›º€µø,13 - 13,541,281,260
π›º€µø,14 - 14,523,288,235
π›º€µø,15 - 15,511,255,256
π›º€µø,16 - 16,480,250,230
π›º€µø,17 - 17,560,298,262
π›º€µø,18 - 18,552,294,258
π›º€µø,19 - 19,515,287,228
π›º€µø,20 - 20,607,321,286
π›º€µø,21 - 21,631,373,258
π›º€µø,22 - 22,573,326,247
π›º€µø,23 - 23,565,326,239
π›º€µø,24 - 24,559,307,252
π›º€µø,25 - 25,548,323,225
π›º€µø,26 - 26,522,295,227
π›º€µø,27 - 27,499,295,204
π›º€µø,28 - 28,483,265,218
π›º€µø,29 - 29,454,238,216
π›º€µø,30 - 30,456,244,212
π›º€µø,31 - 31,417,233,184
π›º€µø,32 - 32,384,194,190
π›º€µø,33 - 33,408,221,187
π›º€µø,34 - 34,387,199,188
π›º€µø,35 - 35,424,226,198
π›º€µø,36 - 36,420,190,230
π›º€µø,37 - 37,508,237,271
π›º€µø,38 - 38,516,259,257
π›º€µø,39 - 39,569,259,310
π›º€µø,40 - 40,655,300,355
π›º€µø,41 - 41,654,296,358
π›º€µø,42 - 42,679,329,350
π›º€µø,43 - 43,639,292,347
π›º€µø,44 - 44,647,314,333
π›º€µø,45 - 45,741,348,393
π›º€µø,46 - 46,750,328,422
π›º€µø,47 - 47,840,393,447
π›º€µø,48 - 48,812,382,430
π›º€µø,49 - 49,806,409,397
π›º€µø,50 - 50,950,447,503
π›º€µø,51 - 51,917,430,487
π›º€µø,52 - 52,897,409,488
π›º€µø,53 - 53,879,416,463
π›º€µø,54 - 54,760,377,383
π›º€µø,55 - 55,806,410,396
π›º€µø,56 - 56,787,399,388
π›º€µø,57 - 57,690,333,357
π›º€µø,58 - 58,860,456,404
π›º€µø,59 - 59,731,382,349
π›º€µø,60 - 60,861,402,459
π›º€µø,61 - 61,751,392,359
π›º€µø,62 - 62,615,338,277
π›º€µø,63 - 63,559,314,245
π›º€µø,64 - 64,516,262,254
π›º€µø,65 - 65,462,241,221
π›º€µø,66 - 66,473,232,241
π›º€µø,67 - 67,347,176,171
π›º€µø,68 - 68,319,175,144
π›º€µø,69 - 69,328,173,155
π›º€µø,70 - 70,262,141,121
π›º€µø,71 - 71,232,111,121
π›º€µø,72 - 72,212,101,111
π›º€µø,73 - 73,231,115,116
π›º€µø,74 - 74,184,113,71
π›º€µø,75 - 75,115,56,59
π›º€µø,76 - 76,126,64,62
π›º€µø,77 - 77,122,48,74
π›º€µø,78 - 78,107,39,68
π›º€µø,79 - 79,99,37,62
π›º€µø,80 - 80,98,34,64
π›º€µø,81 - 81,88,31,57
π›º€µø,82 - 82,87,35,52
π›º€µø,83 - 83,67,32,35
π›º€µø,84 - 84,50,14,36
π›º€µø,85 - 85,63,18,45
π›º€µø,86 - 86,52,15,37
π›º€µø,87 - 87,47,11,36
π›º€µø,88 - 88,41,9,32
π›º€µø,89 - 89,30,4,26
π›º€µø,90 - 90,16,4,12
π›º€µø,91 - 91,20,3,17
π›º€µø,92 - 92,18,2,16
π›º€µø,93 - 93,10,0,10
π›º€µø,94 - 94,8,1,7
π›º€µø,95 - 95,6,1,5
π›º€µø,96 - 96,4,0,4
π›º€µø,97 - 97,1,0,1
π›º€µø,99 - 99,3,0,3
π›º€µø,100 - 100,1,0,1
π›º€µø,103 - 103,1,0,1
π›º€µø,113 - 113,1,0,1
øÎ¡ˆµø,0 - 0,145,76,69
øÎ¡ˆµø,1 - 1,151,71,80
øÎ¡ˆµø,2 - 2,151,82,69
øÎ¡ˆµø,3 - 3,176,83,93
øÎ¡ˆµø,4 - 4,191,97,94
øÎ¡ˆµø,5 - 5,217,133,84
øÎ¡ˆµø,6 - 6,236,135,101
øÎ¡ˆµø,7 - 7,258,140,118
øÎ¡ˆµø,8 - 8,242,116,126
øÎ¡ˆµø,9 - 9,277,157,120
øÎ¡ˆµø,10 - 10,259,134,125
øÎ¡ˆµø,11 - 11,231,114,117
øÎ¡ˆµø,12 - 12,292,159,133
øÎ¡ˆµø,13 - 13,274,151,123
øÎ¡ˆµø,14 - 14,261,136,125
øÎ¡ˆµø,15 - 15,232,121,111
øÎ¡ˆµø,16 - 16,245,137,108
øÎ¡ˆµø,17 - 17,275,138,137
øÎ¡ˆµø,18 - 18,278,139,139
øÎ¡ˆµø,19 - 19,310,183,127
øÎ¡ˆµø,20 - 20,351,187,164
øÎ¡ˆµø,21 - 21,406,216,190
øÎ¡ˆµø,22 - 22,398,218,180
øÎ¡ˆµø,23 - 23,478,261,217
øÎ¡ˆµø,24 - 24,426,229,197
øÎ¡ˆµø,25 - 25,510,276,234
øÎ¡ˆµø,26 - 26,514,304,210
øÎ¡ˆµø,27 - 27,520,295,225
øÎ¡ˆµø,28 - 28,487,254,233
øÎ¡ˆµø,29 - 29,498,271,227
øÎ¡ˆµø,30 - 30,449,229,220
øÎ¡ˆµø,31 - 31,402,224,178
øÎ¡ˆµø,32 - 32,403,225,178
øÎ¡ˆµø,33 - 33,372,195,177
øÎ¡ˆµø,34 - 34,340,183,157
øÎ¡ˆµø,35 - 35,371,193,178
øÎ¡ˆµø,36 - 36,415,226,189
øÎ¡ˆµø,37 - 37,380,198,182
øÎ¡ˆµø,38 - 38,420,223,197
øÎ¡ˆµø,39 - 39,451,224,227
øÎ¡ˆµø,40 - 40,461,244,217
øÎ¡ˆµø,41 - 41,472,229,243
øÎ¡ˆµø,42 - 42,433,213,220
øÎ¡ˆµø,43 - 43,453,228,225
øÎ¡ˆµø,44 - 44,386,198,188
øÎ¡ˆµø,45 - 45,425,183,242
øÎ¡ˆµø,46 - 46,433,209,224
øÎ¡ˆµø,47 - 47,519,231,288
øÎ¡ˆµø,48 - 48,511,225,286
øÎ¡ˆµø,49 - 49,509,226,283
øÎ¡ˆµø,50 - 50,596,287,309
øÎ¡ˆµø,51 - 51,601,276,325
øÎ¡ˆµø,52 - 52,682,294,388
øÎ¡ˆµø,53 - 53,661,296,365
øÎ¡ˆµø,54 - 54,599,253,346
øÎ¡ˆµø,55 - 55,591,281,310
øÎ¡ˆµø,56 - 56,614,307,307
øÎ¡ˆµø,57 - 57,531,259,272
øÎ¡ˆµø,58 - 58,624,310,314
øÎ¡ˆµø,59 - 59,569,294,275
øÎ¡ˆµø,60 - 60,616,316,300
øÎ¡ˆµø,61 - 61,552,275,277
øÎ¡ˆµø,62 - 62,439,228,211
øÎ¡ˆµø,63 - 63,418,206,212
øÎ¡ˆµø,64 - 64,394,202,192
øÎ¡ˆµø,65 - 65,358,166,192
øÎ¡ˆµø,66 - 66,326,160,166
øÎ¡ˆµø,67 - 67,276,148,128
øÎ¡ˆµø,68 - 68,263,120,143
øÎ¡ˆµø,69 - 69,195,104,91
øÎ¡ˆµø,70 - 70,184,88,96
øÎ¡ˆµø,71 - 71,185,92,93
øÎ¡ˆµø,72 - 72,142,78,64
øÎ¡ˆµø,73 - 73,152,72,80
øÎ¡ˆµø,74 - 74,144,65,79
øÎ¡ˆµø,75 - 75,99,54,45
øÎ¡ˆµø,76 - 76,108,57,51
øÎ¡ˆµø,77 - 77,75,32,43
øÎ¡ˆµø,78 - 78,108,51,57
øÎ¡ˆµø,79 - 79,102,31,71
øÎ¡ˆµø,80 - 80,80,27,53
øÎ¡ˆµø,81 - 81,72,22,50
øÎ¡ˆµø,82 - 82,78,25,53
øÎ¡ˆµø,83 - 83,45,17,28
øÎ¡ˆµø,84 - 84,56,17,39
øÎ¡ˆµø,85 - 85,43,14,29
øÎ¡ˆµø,86 - 86,44,16,28
øÎ¡ˆµø,87 - 87,40,9,31
øÎ¡ˆµø,88 - 88,33,7,26
øÎ¡ˆµø,89 - 89,29,8,21
øÎ¡ˆµø,90 - 90,16,2,14
øÎ¡ˆµø,91 - 91,17,3,14
øÎ¡ˆµø,92 - 92,10,3,7
øÎ¡ˆµø,93 - 93,14,2,12
øÎ¡ˆµø,94 - 94,7,2,5
øÎ¡ˆµø,95 - 95,7,0,7
øÎ¡ˆµø,96 - 96,5,2,3
øÎ¡ˆµø,97 - 97,4,0,4
øÎ¡ˆµø,98 - 98,2,0,2
øÎ¡ˆµø,99 - 99,1,0,1
øÎ¡ˆµø,103 - 103,1,1,0
¡ﬂæ”µø,0 - 0,198,112,86
¡ﬂæ”µø,1 - 1,213,98,115
¡ﬂæ”µø,2 - 2,199,97,102
¡ﬂæ”µø,3 - 3,216,130,86
¡ﬂæ”µø,4 - 4,251,130,121
¡ﬂæ”µø,5 - 5,235,114,121
¡ﬂæ”µø,6 - 6,227,111,116
¡ﬂæ”µø,7 - 7,216,124,92
¡ﬂæ”µø,8 - 8,220,122,98
¡ﬂæ”µø,9 - 9,218,113,105
¡ﬂæ”µø,10 - 10,268,147,121
¡ﬂæ”µø,11 - 11,208,106,102
¡ﬂæ”µø,12 - 12,229,110,119
¡ﬂæ”µø,13 - 13,232,108,124
¡ﬂæ”µø,14 - 14,244,133,111
¡ﬂæ”µø,15 - 15,203,114,89
¡ﬂæ”µø,16 - 16,237,122,115
¡ﬂæ”µø,17 - 17,258,137,121
¡ﬂæ”µø,18 - 18,276,151,125
¡ﬂæ”µø,19 - 19,349,196,153
¡ﬂæ”µø,20 - 20,386,207,179
¡ﬂæ”µø,21 - 21,467,245,222
¡ﬂæ”µø,22 - 22,499,285,214
¡ﬂæ”µø,23 - 23,536,301,235
¡ﬂæ”µø,24 - 24,625,344,281
¡ﬂæ”µø,25 - 25,712,399,313
¡ﬂæ”µø,26 - 26,680,384,296
¡ﬂæ”µø,27 - 27,777,449,328
¡ﬂæ”µø,28 - 28,797,469,328
¡ﬂæ”µø,29 - 29,743,415,328
¡ﬂæ”µø,30 - 30,690,402,288
¡ﬂæ”µø,31 - 31,685,416,269
¡ﬂæ”µø,32 - 32,633,367,266
¡ﬂæ”µø,33 - 33,610,333,277
¡ﬂæ”µø,34 - 34,595,345,250
¡ﬂæ”µø,35 - 35,546,330,216
¡ﬂæ”µø,36 - 36,539,302,237
¡ﬂæ”µø,37 - 37,589,321,268
¡ﬂæ”µø,38 - 38,582,318,264
¡ﬂæ”µø,39 - 39,566,325,241
¡ﬂæ”µø,40 - 40,580,338,242
¡ﬂæ”µø,41 - 41,570,309,261
¡ﬂæ”µø,42 - 42,498,291,207
¡ﬂæ”µø,43 - 43,453,263,190
¡ﬂæ”µø,44 - 44,454,249,205
¡ﬂæ”µø,45 - 45,440,220,220
¡ﬂæ”µø,46 - 46,498,242,256
¡ﬂæ”µø,47 - 47,543,268,275
¡ﬂæ”µø,48 - 48,575,282,293
¡ﬂæ”µø,49 - 49,637,349,288
¡ﬂæ”µø,50 - 50,705,354,351
¡ﬂæ”µø,51 - 51,679,361,318
¡ﬂæ”µø,52 - 52,759,385,374
¡ﬂæ”µø,53 - 53,690,334,356
¡ﬂæ”µø,54 - 54,639,334,305
¡ﬂæ”µø,55 - 55,642,332,310
¡ﬂæ”µø,56 - 56,671,347,324
¡ﬂæ”µø,57 - 57,569,288,281
¡ﬂæ”µø,58 - 58,645,360,285
¡ﬂæ”µø,59 - 59,583,316,267
¡ﬂæ”µø,60 - 60,677,361,316
¡ﬂæ”µø,61 - 61,581,306,275
¡ﬂæ”µø,62 - 62,516,282,234
¡ﬂæ”µø,63 - 63,432,234,198
¡ﬂæ”µø,64 - 64,379,197,182
¡ﬂæ”µø,65 - 65,351,184,167
¡ﬂæ”µø,66 - 66,363,183,180
¡ﬂæ”µø,67 - 67,251,135,116
¡ﬂæ”µø,68 - 68,257,140,117
¡ﬂæ”µø,69 - 69,237,132,105
¡ﬂæ”µø,70 - 70,175,90,85
¡ﬂæ”µø,71 - 71,176,103,73
¡ﬂæ”µø,72 - 72,153,78,75
¡ﬂæ”µø,73 - 73,121,55,66
¡ﬂæ”µø,74 - 74,137,78,59
¡ﬂæ”µø,75 - 75,85,49,36
¡ﬂæ”µø,76 - 76,95,45,50
¡ﬂæ”µø,77 - 77,74,32,42
¡ﬂæ”µø,78 - 78,85,47,38
¡ﬂæ”µø,79 - 79,65,33,32
¡ﬂæ”µø,80 - 80,66,25,41
¡ﬂæ”µø,81 - 81,63,19,44
¡ﬂæ”µø,82 - 82,73,24,49
¡ﬂæ”µø,83 - 83,52,20,32
¡ﬂæ”µø,84 - 84,41,16,25
¡ﬂæ”µø,85 - 85,54,19,35
¡ﬂæ”µø,86 - 86,41,18,23
¡ﬂæ”µø,87 - 87,30,4,26
¡ﬂæ”µø,88 - 88,24,9,15
¡ﬂæ”µø,89 - 89,19,3,16
¡ﬂæ”µø,90 - 90,19,3,16
¡ﬂæ”µø,91 - 91,14,1,13
¡ﬂæ”µø,92 - 92,12,2,10
¡ﬂæ”µø,93 - 93,6,1,5
¡ﬂæ”µø,94 - 94,5,1,4
¡ﬂæ”µø,95 - 95,9,2,7
¡ﬂæ”µø,96 - 96,6,2,4
¡ﬂæ”µø,97 - 97,3,2,1
¡ﬂæ”µø,98 - 98,3,1,2
¡ﬂæ”µø,103 - 103,1,0,1
ªÛ≥≤µø,0 - 0,101,58,43
ªÛ≥≤µø,1 - 1,131,64,67
ªÛ≥≤µø,2 - 2,149,66,83
ªÛ≥≤µø,3 - 3,162,88,74
ªÛ≥≤µø,4 - 4,170,89,81
ªÛ≥≤µø,5 - 5,227,116,111
ªÛ≥≤µø,6 - 6,230,110,120
ªÛ≥≤µø,7 - 7,269,136,133
ªÛ≥≤µø,8 - 8,274,137,137
ªÛ≥≤µø,9 - 9,265,141,124
ªÛ≥≤µø,10 - 10,305,150,155
ªÛ≥≤µø,11 - 11,273,143,130
ªÛ≥≤µø,12 - 12,311,174,137
ªÛ≥≤µø,13 - 13,331,180,151
ªÛ≥≤µø,14 - 14,356,201,155
ªÛ≥≤µø,15 - 15,318,161,157
ªÛ≥≤µø,16 - 16,320,174,146
ªÛ≥≤µø,17 - 17,362,184,178
ªÛ≥≤µø,18 - 18,367,183,184
ªÛ≥≤µø,19 - 19,339,175,164
ªÛ≥≤µø,20 - 20,418,228,190
ªÛ≥≤µø,21 - 21,438,262,176
ªÛ≥≤µø,22 - 22,427,238,189
ªÛ≥≤µø,23 - 23,433,245,188
ªÛ≥≤µø,24 - 24,397,227,170
ªÛ≥≤µø,25 - 25,428,253,175
ªÛ≥≤µø,26 - 26,371,219,152
ªÛ≥≤µø,27 - 27,345,190,155
ªÛ≥≤µø,28 - 28,402,216,186
ªÛ≥≤µø,29 - 29,421,226,195
ªÛ≥≤µø,30 - 30,342,182,160
ªÛ≥≤µø,31 - 31,388,223,165
ªÛ≥≤µø,32 - 32,360,200,160
ªÛ≥≤µø,33 - 33,327,184,143
ªÛ≥≤µø,34 - 34,302,162,140
ªÛ≥≤µø,35 - 35,311,144,167
ªÛ≥≤µø,36 - 36,320,184,136
ªÛ≥≤µø,37 - 37,343,169,174
ªÛ≥≤µø,38 - 38,343,176,167
ªÛ≥≤µø,39 - 39,397,183,214
ªÛ≥≤µø,40 - 40,465,213,252
ªÛ≥≤µø,41 - 41,441,204,237
ªÛ≥≤µø,42 - 42,398,179,219
ªÛ≥≤µø,43 - 43,443,205,238
ªÛ≥≤µø,44 - 44,407,195,212
ªÛ≥≤µø,45 - 45,412,188,224
ªÛ≥≤µø,46 - 46,453,203,250
ªÛ≥≤µø,47 - 47,544,252,292
ªÛ≥≤µø,48 - 48,556,241,315
ªÛ≥≤µø,49 - 49,554,248,306
ªÛ≥≤µø,50 - 50,608,283,325
ªÛ≥≤µø,51 - 51,636,280,356
ªÛ≥≤µø,52 - 52,644,286,358
ªÛ≥≤µø,53 - 53,601,274,327
ªÛ≥≤µø,54 - 54,587,283,304
ªÛ≥≤µø,55 - 55,578,243,335
ªÛ≥≤µø,56 - 56,595,266,329
ªÛ≥≤µø,57 - 57,523,258,265
ªÛ≥≤µø,58 - 58,609,319,290
ªÛ≥≤µø,59 - 59,559,293,266
ªÛ≥≤µø,60 - 60,622,322,300
ªÛ≥≤µø,61 - 61,537,295,242
ªÛ≥≤µø,62 - 62,444,247,197
ªÛ≥≤µø,63 - 63,386,209,177
ªÛ≥≤µø,64 - 64,319,188,131
ªÛ≥≤µø,65 - 65,251,129,122
ªÛ≥≤µø,66 - 66,255,140,115
ªÛ≥≤µø,67 - 67,170,84,86
ªÛ≥≤µø,68 - 68,180,98,82
ªÛ≥≤µø,69 - 69,152,79,73
ªÛ≥≤µø,70 - 70,99,54,45
ªÛ≥≤µø,71 - 71,99,58,41
ªÛ≥≤µø,72 - 72,99,50,49
ªÛ≥≤µø,73 - 73,87,45,42
ªÛ≥≤µø,74 - 74,91,43,48
ªÛ≥≤µø,75 - 75,58,28,30
ªÛ≥≤µø,76 - 76,56,20,36
ªÛ≥≤µø,77 - 77,50,14,36
ªÛ≥≤µø,78 - 78,66,25,41
ªÛ≥≤µø,79 - 79,58,20,38
ªÛ≥≤µø,80 - 80,52,22,30
ªÛ≥≤µø,81 - 81,49,15,34
ªÛ≥≤µø,82 - 82,47,17,30
ªÛ≥≤µø,83 - 83,40,11,29
ªÛ≥≤µø,84 - 84,36,11,25
ªÛ≥≤µø,85 - 85,34,8,26
ªÛ≥≤µø,86 - 86,26,3,23
ªÛ≥≤µø,87 - 87,26,8,18
ªÛ≥≤µø,88 - 88,23,7,16
ªÛ≥≤µø,89 - 89,21,5,16
ªÛ≥≤µø,90 - 90,14,4,10
ªÛ≥≤µø,91 - 91,12,3,9
ªÛ≥≤µø,92 - 92,17,3,14
ªÛ≥≤µø,93 - 93,6,0,6
ªÛ≥≤µø,94 - 94,6,1,5
ªÛ≥≤µø,95 - 95,4,0,4
ªÛ≥≤µø,96 - 96,1,1,0
ªÛ≥≤µø,98 - 98,2,1,1
ªÛ≥≤µø,100 - 100,1,0,1
ªÛ≥≤µø,101 - 101,2,1,1
ªÛ≥≤µø,108 - 108,1,0,1
ªÁ∆ƒµø,0 - 0,213,105,108
ªÁ∆ƒµø,1 - 1,206,102,104
ªÁ∆ƒµø,2 - 2,239,117,122
ªÁ∆ƒµø,3 - 3,299,166,133
ªÁ∆ƒµø,4 - 4,313,158,155
ªÁ∆ƒµø,5 - 5,370,181,189
ªÁ∆ƒµø,6 - 6,388,198,190
ªÁ∆ƒµø,7 - 7,379,194,185
ªÁ∆ƒµø,8 - 8,425,211,214
ªÁ∆ƒµø,9 - 9,446,240,206
ªÁ∆ƒµø,10 - 10,451,237,214
ªÁ∆ƒµø,11 - 11,403,203,200
ªÁ∆ƒµø,12 - 12,440,226,214
ªÁ∆ƒµø,13 - 13,439,239,200
ªÁ∆ƒµø,14 - 14,472,246,226
ªÁ∆ƒµø,15 - 15,448,239,209
ªÁ∆ƒµø,16 - 16,451,231,220
ªÁ∆ƒµø,17 - 17,509,248,261
ªÁ∆ƒµø,18 - 18,502,270,232
ªÁ∆ƒµø,19 - 19,555,299,256
ªÁ∆ƒµø,20 - 20,590,325,265
ªÁ∆ƒµø,21 - 21,633,363,270
ªÁ∆ƒµø,22 - 22,601,328,273
ªÁ∆ƒµø,23 - 23,621,339,282
ªÁ∆ƒµø,24 - 24,591,346,245
ªÁ∆ƒµø,25 - 25,644,348,296
ªÁ∆ƒµø,26 - 26,624,325,299
ªÁ∆ƒµø,27 - 27,701,380,321
ªÁ∆ƒµø,28 - 28,641,342,299
ªÁ∆ƒµø,29 - 29,709,388,321
ªÁ∆ƒµø,30 - 30,684,370,314
ªÁ∆ƒµø,31 - 31,683,357,326
ªÁ∆ƒµø,32 - 32,666,375,291
ªÁ∆ƒµø,33 - 33,592,301,291
ªÁ∆ƒµø,34 - 34,633,323,310
ªÁ∆ƒµø,35 - 35,562,299,263
ªÁ∆ƒµø,36 - 36,551,299,252
ªÁ∆ƒµø,37 - 37,592,316,276
ªÁ∆ƒµø,38 - 38,658,325,333
ªÁ∆ƒµø,39 - 39,618,303,315
ªÁ∆ƒµø,40 - 40,729,351,378
ªÁ∆ƒµø,41 - 41,709,316,393
ªÁ∆ƒµø,42 - 42,690,337,353
ªÁ∆ƒµø,43 - 43,635,304,331
ªÁ∆ƒµø,44 - 44,669,325,344
ªÁ∆ƒµø,45 - 45,688,329,359
ªÁ∆ƒµø,46 - 46,744,331,413
ªÁ∆ƒµø,47 - 47,843,391,452
ªÁ∆ƒµø,48 - 48,864,382,482
ªÁ∆ƒµø,49 - 49,903,427,476
ªÁ∆ƒµø,50 - 50,950,441,509
ªÁ∆ƒµø,51 - 51,966,450,516
ªÁ∆ƒµø,52 - 52,910,416,494
ªÁ∆ƒµø,53 - 53,899,403,496
ªÁ∆ƒµø,54 - 54,839,367,472
ªÁ∆ƒµø,55 - 55,866,396,470
ªÁ∆ƒµø,56 - 56,949,431,518
ªÁ∆ƒµø,57 - 57,766,341,425
ªÁ∆ƒµø,58 - 58,956,453,503
ªÁ∆ƒµø,59 - 59,908,426,482
ªÁ∆ƒµø,60 - 60,"1,004",501,503
ªÁ∆ƒµø,61 - 61,910,508,402
ªÁ∆ƒµø,62 - 62,733,398,335
ªÁ∆ƒµø,63 - 63,607,330,277
ªÁ∆ƒµø,64 - 64,529,286,243
ªÁ∆ƒµø,65 - 65,468,231,237
ªÁ∆ƒµø,66 - 66,423,223,200
ªÁ∆ƒµø,67 - 67,318,179,139
ªÁ∆ƒµø,68 - 68,304,166,138
ªÁ∆ƒµø,69 - 69,305,157,148
ªÁ∆ƒµø,70 - 70,226,116,110
ªÁ∆ƒµø,71 - 71,191,105,86
ªÁ∆ƒµø,72 - 72,199,91,108
ªÁ∆ƒµø,73 - 73,200,92,108
ªÁ∆ƒµø,74 - 74,173,76,97
ªÁ∆ƒµø,75 - 75,99,36,63
ªÁ∆ƒµø,76 - 76,121,57,64
ªÁ∆ƒµø,77 - 77,111,43,68
ªÁ∆ƒµø,78 - 78,109,41,68
ªÁ∆ƒµø,79 - 79,123,53,70
ªÁ∆ƒµø,80 - 80,115,32,83
ªÁ∆ƒµø,81 - 81,99,30,69
ªÁ∆ƒµø,82 - 82,102,28,74
ªÁ∆ƒµø,83 - 83,75,23,52
ªÁ∆ƒµø,84 - 84,61,14,47
ªÁ∆ƒµø,85 - 85,68,15,53
ªÁ∆ƒµø,86 - 86,61,11,50
ªÁ∆ƒµø,87 - 87,50,8,42
ªÁ∆ƒµø,88 - 88,44,10,34
ªÁ∆ƒµø,89 - 89,37,8,29
ªÁ∆ƒµø,90 - 90,21,2,19
ªÁ∆ƒµø,91 - 91,26,3,23
ªÁ∆ƒµø,92 - 92,17,2,15
ªÁ∆ƒµø,93 - 93,9,2,7
ªÁ∆ƒµø,94 - 94,9,4,5
ªÁ∆ƒµø,95 - 95,5,1,4
ªÁ∆ƒµø,96 - 96,2,0,2
ªÁ∆ƒµø,97 - 97,5,1,4
ªÁ∆ƒµø,109 - 109,1,0,1
∞°¿Ω¡§µø,0 - 0,278,142,136
∞°¿Ω¡§µø,1 - 1,333,170,163
∞°¿Ω¡§µø,2 - 2,344,169,175
∞°¿Ω¡§µø,3 - 3,325,155,170
∞°¿Ω¡§µø,4 - 4,351,175,176
∞°¿Ω¡§µø,5 - 5,414,206,208
∞°¿Ω¡§µø,6 - 6,378,191,187
∞°¿Ω¡§µø,7 - 7,370,198,172
∞°¿Ω¡§µø,8 - 8,391,205,186
∞°¿Ω¡§µø,9 - 9,382,192,190
∞°¿Ω¡§µø,10 - 10,402,205,197
∞°¿Ω¡§µø,11 - 11,326,147,179
∞°¿Ω¡§µø,12 - 12,377,194,183
∞°¿Ω¡§µø,13 - 13,393,190,203
∞°¿Ω¡§µø,14 - 14,353,199,154
∞°¿Ω¡§µø,15 - 15,377,190,187
∞°¿Ω¡§µø,16 - 16,409,204,205
∞°¿Ω¡§µø,17 - 17,413,239,174
∞°¿Ω¡§µø,18 - 18,436,231,205
∞°¿Ω¡§µø,19 - 19,443,246,197
∞°¿Ω¡§µø,20 - 20,550,306,244
∞°¿Ω¡§µø,21 - 21,541,316,225
∞°¿Ω¡§µø,22 - 22,534,320,214
∞°¿Ω¡§µø,23 - 23,530,288,242
∞°¿Ω¡§µø,24 - 24,590,328,262
∞°¿Ω¡§µø,25 - 25,653,374,279
∞°¿Ω¡§µø,26 - 26,614,344,270
∞°¿Ω¡§µø,27 - 27,662,385,277
∞°¿Ω¡§µø,28 - 28,595,329,266
∞°¿Ω¡§µø,29 - 29,696,372,324
∞°¿Ω¡§µø,30 - 30,645,346,299
∞°¿Ω¡§µø,31 - 31,623,336,287
∞°¿Ω¡§µø,32 - 32,629,329,300
∞°¿Ω¡§µø,33 - 33,609,319,290
∞°¿Ω¡§µø,34 - 34,613,317,296
∞°¿Ω¡§µø,35 - 35,597,326,271
∞°¿Ω¡§µø,36 - 36,598,311,287
∞°¿Ω¡§µø,37 - 37,574,297,277
∞°¿Ω¡§µø,38 - 38,626,314,312
∞°¿Ω¡§µø,39 - 39,619,328,291
∞°¿Ω¡§µø,40 - 40,609,321,288
∞°¿Ω¡§µø,41 - 41,642,315,327
∞°¿Ω¡§µø,42 - 42,574,298,276
∞°¿Ω¡§µø,43 - 43,627,315,312
∞°¿Ω¡§µø,44 - 44,582,302,280
∞°¿Ω¡§µø,45 - 45,565,253,312
∞°¿Ω¡§µø,46 - 46,588,272,316
∞°¿Ω¡§µø,47 - 47,651,270,381
∞°¿Ω¡§µø,48 - 48,751,352,399
∞°¿Ω¡§µø,49 - 49,770,372,398
∞°¿Ω¡§µø,50 - 50,784,368,416
∞°¿Ω¡§µø,51 - 51,827,386,441
∞°¿Ω¡§µø,52 - 52,879,373,506
∞°¿Ω¡§µø,53 - 53,829,358,471
∞°¿Ω¡§µø,54 - 54,796,348,448
∞°¿Ω¡§µø,55 - 55,869,441,428
∞°¿Ω¡§µø,56 - 56,886,441,445
∞°¿Ω¡§µø,57 - 57,679,346,333
∞°¿Ω¡§µø,58 - 58,829,436,393
∞°¿Ω¡§µø,59 - 59,756,387,369
∞°¿Ω¡§µø,60 - 60,861,449,412
∞°¿Ω¡§µø,61 - 61,786,416,370
∞°¿Ω¡§µø,62 - 62,606,351,255
∞°¿Ω¡§µø,63 - 63,514,288,226
∞°¿Ω¡§µø,64 - 64,418,219,199
∞°¿Ω¡§µø,65 - 65,385,190,195
∞°¿Ω¡§µø,66 - 66,390,195,195
∞°¿Ω¡§µø,67 - 67,274,148,126
∞°¿Ω¡§µø,68 - 68,242,131,111
∞°¿Ω¡§µø,69 - 69,245,127,118
∞°¿Ω¡§µø,70 - 70,173,84,89
∞°¿Ω¡§µø,71 - 71,161,90,71
∞°¿Ω¡§µø,72 - 72,157,72,85
∞°¿Ω¡§µø,73 - 73,146,76,70
∞°¿Ω¡§µø,74 - 74,117,50,67
∞°¿Ω¡§µø,75 - 75,86,43,43
∞°¿Ω¡§µø,76 - 76,99,46,53
∞°¿Ω¡§µø,77 - 77,84,37,47
∞°¿Ω¡§µø,78 - 78,83,38,45
∞°¿Ω¡§µø,79 - 79,98,30,68
∞°¿Ω¡§µø,80 - 80,70,23,47
∞°¿Ω¡§µø,81 - 81,66,20,46
∞°¿Ω¡§µø,82 - 82,70,26,44
∞°¿Ω¡§µø,83 - 83,57,17,40
∞°¿Ω¡§µø,84 - 84,69,19,50
∞°¿Ω¡§µø,85 - 85,49,6,43
∞°¿Ω¡§µø,86 - 86,51,9,42
∞°¿Ω¡§µø,87 - 87,32,9,23
∞°¿Ω¡§µø,88 - 88,34,5,29
∞°¿Ω¡§µø,89 - 89,33,7,26
∞°¿Ω¡§µø,90 - 90,18,2,16
∞°¿Ω¡§µø,91 - 91,12,2,10
∞°¿Ω¡§µø,92 - 92,9,1,8
∞°¿Ω¡§µø,93 - 93,13,0,13
∞°¿Ω¡§µø,94 - 94,8,2,6
∞°¿Ω¡§µø,95 - 95,5,3,2
∞°¿Ω¡§µø,96 - 96,3,1,2
∞°¿Ω¡§µø,97 - 97,4,0,4
∞°¿Ω¡§µø,98 - 98,2,0,2
∞°¿Ω¡§µø,99 - 99,1,0,1
∞°¿Ω¡§µø,100 - 100,1,1,0
º∫¡÷µø,0 - 0,146,81,65
º∫¡÷µø,1 - 1,164,91,73
º∫¡÷µø,2 - 2,158,88,70
º∫¡÷µø,3 - 3,202,113,89
º∫¡÷µø,4 - 4,209,101,108
º∫¡÷µø,5 - 5,234,128,106
º∫¡÷µø,6 - 6,243,137,106
º∫¡÷µø,7 - 7,268,128,140
º∫¡÷µø,8 - 8,245,126,119
º∫¡÷µø,9 - 9,256,121,135
º∫¡÷µø,10 - 10,261,141,120
º∫¡÷µø,11 - 11,277,142,135
º∫¡÷µø,12 - 12,292,155,137
º∫¡÷µø,13 - 13,300,152,148
º∫¡÷µø,14 - 14,283,154,129
º∫¡÷µø,15 - 15,309,172,137
º∫¡÷µø,16 - 16,308,180,128
º∫¡÷µø,17 - 17,315,168,147
º∫¡÷µø,18 - 18,321,181,140
º∫¡÷µø,19 - 19,327,170,157
º∫¡÷µø,20 - 20,423,248,175
º∫¡÷µø,21 - 21,425,250,175
º∫¡÷µø,22 - 22,356,196,160
º∫¡÷µø,23 - 23,433,222,211
º∫¡÷µø,24 - 24,383,198,185
º∫¡÷µø,25 - 25,386,218,168
º∫¡÷µø,26 - 26,401,227,174
º∫¡÷µø,27 - 27,431,255,176
º∫¡÷µø,28 - 28,395,226,169
º∫¡÷µø,29 - 29,386,211,175
º∫¡÷µø,30 - 30,370,196,174
º∫¡÷µø,31 - 31,349,201,148
º∫¡÷µø,32 - 32,356,214,142
º∫¡÷µø,33 - 33,315,172,143
º∫¡÷µø,34 - 34,315,162,153
º∫¡÷µø,35 - 35,310,158,152
º∫¡÷µø,36 - 36,278,148,130
º∫¡÷µø,37 - 37,319,178,141
º∫¡÷µø,38 - 38,359,189,170
º∫¡÷µø,39 - 39,370,187,183
º∫¡÷µø,40 - 40,374,173,201
º∫¡÷µø,41 - 41,383,197,186
º∫¡÷µø,42 - 42,375,180,195
º∫¡÷µø,43 - 43,366,180,186
º∫¡÷µø,44 - 44,374,176,198
º∫¡÷µø,45 - 45,402,197,205
º∫¡÷µø,46 - 46,396,177,219
º∫¡÷µø,47 - 47,457,215,242
º∫¡÷µø,48 - 48,550,259,291
º∫¡÷µø,49 - 49,524,224,300
º∫¡÷µø,50 - 50,591,270,321
º∫¡÷µø,51 - 51,638,310,328
º∫¡÷µø,52 - 52,659,286,373
º∫¡÷µø,53 - 53,611,309,302
º∫¡÷µø,54 - 54,657,349,308
º∫¡÷µø,55 - 55,583,302,281
º∫¡÷µø,56 - 56,543,286,257
º∫¡÷µø,57 - 57,476,262,214
º∫¡÷µø,58 - 58,572,291,281
º∫¡÷µø,59 - 59,518,277,241
º∫¡÷µø,60 - 60,583,323,260
º∫¡÷µø,61 - 61,455,257,198
º∫¡÷µø,62 - 62,400,226,174
º∫¡÷µø,63 - 63,289,173,116
º∫¡÷µø,64 - 64,279,149,130
º∫¡÷µø,65 - 65,239,133,106
º∫¡÷µø,66 - 66,220,135,85
º∫¡÷µø,67 - 67,172,89,83
º∫¡÷µø,68 - 68,146,77,69
º∫¡÷µø,69 - 69,144,82,62
º∫¡÷µø,70 - 70,91,43,48
º∫¡÷µø,71 - 71,97,59,38
º∫¡÷µø,72 - 72,84,47,37
º∫¡÷µø,73 - 73,78,42,36
º∫¡÷µø,74 - 74,73,36,37
º∫¡÷µø,75 - 75,41,22,19
º∫¡÷µø,76 - 76,49,26,23
º∫¡÷µø,77 - 77,32,19,13
º∫¡÷µø,78 - 78,30,14,16
º∫¡÷µø,79 - 79,43,19,24
º∫¡÷µø,80 - 80,31,13,18
º∫¡÷µø,81 - 81,34,13,21
º∫¡÷µø,82 - 82,34,9,25
º∫¡÷µø,83 - 83,32,6,26
º∫¡÷µø,84 - 84,25,5,20
º∫¡÷µø,85 - 85,27,5,22
º∫¡÷µø,86 - 86,34,6,28
º∫¡÷µø,87 - 87,17,1,16
º∫¡÷µø,88 - 88,23,6,17
º∫¡÷µø,89 - 89,13,1,12
º∫¡÷µø,90 - 90,19,3,16
º∫¡÷µø,91 - 91,5,0,5
º∫¡÷µø,92 - 92,9,2,7
º∫¡÷µø,93 - 93,3,0,3
º∫¡÷µø,94 - 94,4,1,3
º∫¡÷µø,95 - 95,2,0,2
º∫¡÷µø,96 - 96,1,0,1
º∫¡÷µø,98 - 98,2,0,2
º∫¡÷µø,120 - 120,1,0,1
øı≥≤µø,0 - 0,18,8,10
øı≥≤µø,1 - 1,36,16,20
øı≥≤µø,2 - 2,29,21,8
øı≥≤µø,3 - 3,39,20,19
øı≥≤µø,4 - 4,32,19,13
øı≥≤µø,5 - 5,48,17,31
øı≥≤µø,6 - 6,44,22,22
øı≥≤µø,7 - 7,43,25,18
øı≥≤µø,8 - 8,59,28,31
øı≥≤µø,9 - 9,88,41,47
øı≥≤µø,10 - 10,59,33,26
øı≥≤µø,11 - 11,72,44,28
øı≥≤µø,12 - 12,68,32,36
øı≥≤µø,13 - 13,86,44,42
øı≥≤µø,14 - 14,86,50,36
øı≥≤µø,15 - 15,65,36,29
øı≥≤µø,16 - 16,65,39,26
øı≥≤µø,17 - 17,70,39,31
øı≥≤µø,18 - 18,73,38,35
øı≥≤µø,19 - 19,91,38,53
øı≥≤µø,20 - 20,105,53,52
øı≥≤µø,21 - 21,90,56,34
øı≥≤µø,22 - 22,85,52,33
øı≥≤µø,23 - 23,84,60,24
øı≥≤µø,24 - 24,101,65,36
øı≥≤µø,25 - 25,91,61,30
øı≥≤µø,26 - 26,107,61,46
øı≥≤µø,27 - 27,114,69,45
øı≥≤µø,28 - 28,109,61,48
øı≥≤µø,29 - 29,108,68,40
øı≥≤µø,30 - 30,84,54,30
øı≥≤µø,31 - 31,97,56,41
øı≥≤µø,32 - 32,104,63,41
øı≥≤µø,33 - 33,86,59,27
øı≥≤µø,34 - 34,77,51,26
øı≥≤µø,35 - 35,84,50,34
øı≥≤µø,36 - 36,91,60,31
øı≥≤µø,37 - 37,74,42,32
øı≥≤µø,38 - 38,95,45,50
øı≥≤µø,39 - 39,114,57,57
øı≥≤µø,40 - 40,133,74,59
øı≥≤µø,41 - 41,123,69,54
øı≥≤µø,42 - 42,104,57,47
øı≥≤µø,43 - 43,113,62,51
øı≥≤µø,44 - 44,103,54,49
øı≥≤µø,45 - 45,110,59,51
øı≥≤µø,46 - 46,136,70,66
øı≥≤µø,47 - 47,149,68,81
øı≥≤µø,48 - 48,124,63,61
øı≥≤µø,49 - 49,140,72,68
øı≥≤µø,50 - 50,151,74,77
øı≥≤µø,51 - 51,142,74,68
øı≥≤µø,52 - 52,147,80,67
øı≥≤µø,53 - 53,141,74,67
øı≥≤µø,54 - 54,135,62,73
øı≥≤µø,55 - 55,131,75,56
øı≥≤µø,56 - 56,148,73,75
øı≥≤µø,57 - 57,125,60,65
øı≥≤µø,58 - 58,130,59,71
øı≥≤µø,59 - 59,162,74,88
øı≥≤µø,60 - 60,184,93,91
øı≥≤µø,61 - 61,178,94,84
øı≥≤µø,62 - 62,144,66,78
øı≥≤µø,63 - 63,143,70,73
øı≥≤µø,64 - 64,137,68,69
øı≥≤µø,65 - 65,112,59,53
øı≥≤µø,66 - 66,116,46,70
øı≥≤µø,67 - 67,99,52,47
øı≥≤µø,68 - 68,92,43,49
øı≥≤µø,69 - 69,81,41,40
øı≥≤µø,70 - 70,57,23,34
øı≥≤µø,71 - 71,82,42,40
øı≥≤µø,72 - 72,52,24,28
øı≥≤µø,73 - 73,64,34,30
øı≥≤µø,74 - 74,61,29,32
øı≥≤µø,75 - 75,34,15,19
øı≥≤µø,76 - 76,38,21,17
øı≥≤µø,77 - 77,46,20,26
øı≥≤µø,78 - 78,49,25,24
øı≥≤µø,79 - 79,50,24,26
øı≥≤µø,80 - 80,30,15,15
øı≥≤µø,81 - 81,39,15,24
øı≥≤µø,82 - 82,31,6,25
øı≥≤µø,83 - 83,35,14,21
øı≥≤µø,84 - 84,24,5,19
øı≥≤µø,85 - 85,24,10,14
øı≥≤µø,86 - 86,20,7,13
øı≥≤µø,87 - 87,14,5,9
øı≥≤µø,88 - 88,12,4,8
øı≥≤µø,89 - 89,7,1,6
øı≥≤µø,90 - 90,13,3,10
øı≥≤µø,91 - 91,8,2,6
øı≥≤µø,92 - 92,4,2,2
øı≥≤µø,93 - 93,3,1,2
øı≥≤µø,94 - 94,5,0,5
øı≥≤µø,95 - 95,1,0,1
øı≥≤µø,96 - 96,4,1,3
øı≥≤µø,98 - 98,1,0,1
±∏ªÍ∏È,0 - 0,2,2,0
±∏ªÍ∏È,1 - 1,7,3,4
±∏ªÍ∏È,2 - 2,6,4,2
±∏ªÍ∏È,3 - 3,8,3,5
±∏ªÍ∏È,4 - 4,15,8,7
±∏ªÍ∏È,5 - 5,15,10,5
±∏ªÍ∏È,6 - 6,13,7,6
±∏ªÍ∏È,7 - 7,13,7,6
±∏ªÍ∏È,8 - 8,13,9,4
±∏ªÍ∏È,9 - 9,12,6,6
±∏ªÍ∏È,10 - 10,15,8,7
±∏ªÍ∏È,11 - 11,7,3,4
±∏ªÍ∏È,12 - 12,10,4,6
±∏ªÍ∏È,13 - 13,14,9,5
±∏ªÍ∏È,14 - 14,13,8,5
±∏ªÍ∏È,15 - 15,16,7,9
±∏ªÍ∏È,16 - 16,18,9,9
±∏ªÍ∏È,17 - 17,17,8,9
±∏ªÍ∏È,18 - 18,17,7,10
±∏ªÍ∏È,19 - 19,24,13,11
±∏ªÍ∏È,20 - 20,25,20,5
±∏ªÍ∏È,21 - 21,25,20,5
±∏ªÍ∏È,22 - 22,23,16,7
±∏ªÍ∏È,23 - 23,32,22,10
±∏ªÍ∏È,24 - 24,27,17,10
±∏ªÍ∏È,25 - 25,29,20,9
±∏ªÍ∏È,26 - 26,32,22,10
±∏ªÍ∏È,27 - 27,33,18,15
±∏ªÍ∏È,28 - 28,28,17,11
±∏ªÍ∏È,29 - 29,31,19,12
±∏ªÍ∏È,30 - 30,30,21,9
±∏ªÍ∏È,31 - 31,26,17,9
±∏ªÍ∏È,32 - 32,28,20,8
±∏ªÍ∏È,33 - 33,32,19,13
±∏ªÍ∏È,34 - 34,22,10,12
±∏ªÍ∏È,35 - 35,23,14,9
±∏ªÍ∏È,36 - 36,20,13,7
±∏ªÍ∏È,37 - 37,16,9,7
±∏ªÍ∏È,38 - 38,34,27,7
±∏ªÍ∏È,39 - 39,41,29,12
±∏ªÍ∏È,40 - 40,44,32,12
±∏ªÍ∏È,41 - 41,42,29,13
±∏ªÍ∏È,42 - 42,39,26,13
±∏ªÍ∏È,43 - 43,34,23,11
±∏ªÍ∏È,44 - 44,30,21,9
±∏ªÍ∏È,45 - 45,28,18,10
±∏ªÍ∏È,46 - 46,44,27,17
±∏ªÍ∏È,47 - 47,46,32,14
±∏ªÍ∏È,48 - 48,40,26,14
±∏ªÍ∏È,49 - 49,35,22,13
±∏ªÍ∏È,50 - 50,58,35,23
±∏ªÍ∏È,51 - 51,50,31,19
±∏ªÍ∏È,52 - 52,56,33,23
±∏ªÍ∏È,53 - 53,65,33,32
±∏ªÍ∏È,54 - 54,73,37,36
±∏ªÍ∏È,55 - 55,78,42,36
±∏ªÍ∏È,56 - 56,81,45,36
±∏ªÍ∏È,57 - 57,81,41,40
±∏ªÍ∏È,58 - 58,92,42,50
±∏ªÍ∏È,59 - 59,94,43,51
±∏ªÍ∏È,60 - 60,134,72,62
±∏ªÍ∏È,61 - 61,125,50,75
±∏ªÍ∏È,62 - 62,136,81,55
±∏ªÍ∏È,63 - 63,117,64,53
±∏ªÍ∏È,64 - 64,132,70,62
±∏ªÍ∏È,65 - 65,121,57,64
±∏ªÍ∏È,66 - 66,122,60,62
±∏ªÍ∏È,67 - 67,92,47,45
±∏ªÍ∏È,68 - 68,93,46,47
±∏ªÍ∏È,69 - 69,99,42,57
±∏ªÍ∏È,70 - 70,80,35,45
±∏ªÍ∏È,71 - 71,85,51,34
±∏ªÍ∏È,72 - 72,98,48,50
±∏ªÍ∏È,73 - 73,88,45,43
±∏ªÍ∏È,74 - 74,67,33,34
±∏ªÍ∏È,75 - 75,37,23,14
±∏ªÍ∏È,76 - 76,70,28,42
±∏ªÍ∏È,77 - 77,49,18,31
±∏ªÍ∏È,78 - 78,59,23,36
±∏ªÍ∏È,79 - 79,80,31,49
±∏ªÍ∏È,80 - 80,57,18,39
±∏ªÍ∏È,81 - 81,52,18,34
±∏ªÍ∏È,82 - 82,43,13,30
±∏ªÍ∏È,83 - 83,42,12,30
±∏ªÍ∏È,84 - 84,33,7,26
±∏ªÍ∏È,85 - 85,38,11,27
±∏ªÍ∏È,86 - 86,18,7,11
±∏ªÍ∏È,87 - 87,25,9,16
±∏ªÍ∏È,88 - 88,16,2,14
±∏ªÍ∏È,89 - 89,20,3,17
±∏ªÍ∏È,90 - 90,18,3,15
±∏ªÍ∏È,91 - 91,10,2,8
±∏ªÍ∏È,92 - 92,11,2,9
±∏ªÍ∏È,93 - 93,9,1,8
±∏ªÍ∏È,94 - 94,3,2,1
±∏ªÍ∏È,95 - 95,5,0,5
±∏ªÍ∏È,96 - 96,6,0,6
±∏ªÍ∏È,98 - 98,5,0,5
±∏ªÍ∏È,100 - 100,1,0,1
¡¯µø∏È,0 - 0,43,22,21
¡¯µø∏È,1 - 1,56,28,28
¡¯µø∏È,2 - 2,98,59,39
¡¯µø∏È,3 - 3,82,44,38
¡¯µø∏È,4 - 4,137,64,73
¡¯µø∏È,5 - 5,129,72,57
¡¯µø∏È,6 - 6,142,76,66
¡¯µø∏È,7 - 7,122,69,53
¡¯µø∏È,8 - 8,123,63,60
¡¯µø∏È,9 - 9,122,64,58
¡¯µø∏È,10 - 10,118,67,51
¡¯µø∏È,11 - 11,117,59,58
¡¯µø∏È,12 - 12,119,62,57
¡¯µø∏È,13 - 13,95,50,45
¡¯µø∏È,14 - 14,100,44,56
¡¯µø∏È,15 - 15,88,47,41
¡¯µø∏È,16 - 16,102,51,51
¡¯µø∏È,17 - 17,92,47,45
¡¯µø∏È,18 - 18,88,40,48
¡¯µø∏È,19 - 19,108,60,48
¡¯µø∏È,20 - 20,101,44,57
¡¯µø∏È,21 - 21,115,55,60
¡¯µø∏È,22 - 22,95,47,48
¡¯µø∏È,23 - 23,107,69,38
¡¯µø∏È,24 - 24,117,74,43
¡¯µø∏È,25 - 25,96,57,39
¡¯µø∏È,26 - 26,108,62,46
¡¯µø∏È,27 - 27,118,59,59
¡¯µø∏È,28 - 28,102,62,40
¡¯µø∏È,29 - 29,111,62,49
¡¯µø∏È,30 - 30,90,54,36
¡¯µø∏È,31 - 31,111,65,46
¡¯µø∏È,32 - 32,107,63,44
¡¯µø∏È,33 - 33,114,53,61
¡¯µø∏È,34 - 34,118,70,48
¡¯µø∏È,35 - 35,130,65,65
¡¯µø∏È,36 - 36,148,78,70
¡¯µø∏È,37 - 37,149,77,72
¡¯µø∏È,38 - 38,167,93,74
¡¯µø∏È,39 - 39,217,109,108
¡¯µø∏È,40 - 40,228,125,103
¡¯µø∏È,41 - 41,225,120,105
¡¯µø∏È,42 - 42,228,118,110
¡¯µø∏È,43 - 43,222,122,100
¡¯µø∏È,44 - 44,187,108,79
¡¯µø∏È,45 - 45,179,96,83
¡¯µø∏È,46 - 46,173,94,79
¡¯µø∏È,47 - 47,176,103,73
¡¯µø∏È,48 - 48,174,95,79
¡¯µø∏È,49 - 49,180,101,79
¡¯µø∏È,50 - 50,198,113,85
¡¯µø∏È,51 - 51,182,99,83
¡¯µø∏È,52 - 52,207,105,102
¡¯µø∏È,53 - 53,205,116,89
¡¯µø∏È,54 - 54,175,102,73
¡¯µø∏È,55 - 55,212,110,102
¡¯µø∏È,56 - 56,202,105,97
¡¯µø∏È,57 - 57,157,79,78
¡¯µø∏È,58 - 58,196,99,97
¡¯µø∏È,59 - 59,222,129,93
¡¯µø∏È,60 - 60,268,143,125
¡¯µø∏È,61 - 61,246,107,139
¡¯µø∏È,62 - 62,232,112,120
¡¯µø∏È,63 - 63,212,110,102
¡¯µø∏È,64 - 64,190,99,91
¡¯µø∏È,65 - 65,181,88,93
¡¯µø∏È,66 - 66,240,112,128
¡¯µø∏È,67 - 67,204,103,101
¡¯µø∏È,68 - 68,169,68,101
¡¯µø∏È,69 - 69,165,79,86
¡¯µø∏È,70 - 70,132,67,65
¡¯µø∏È,71 - 71,141,73,68
¡¯µø∏È,72 - 72,124,71,53
¡¯µø∏È,73 - 73,136,72,64
¡¯µø∏È,74 - 74,121,57,64
¡¯µø∏È,75 - 75,78,45,33
¡¯µø∏È,76 - 76,92,35,57
¡¯µø∏È,77 - 77,89,39,50
¡¯µø∏È,78 - 78,73,26,47
¡¯µø∏È,79 - 79,86,30,56
¡¯µø∏È,80 - 80,78,30,48
¡¯µø∏È,81 - 81,67,25,42
¡¯µø∏È,82 - 82,59,19,40
¡¯µø∏È,83 - 83,47,14,33
¡¯µø∏È,84 - 84,59,16,43
¡¯µø∏È,85 - 85,49,16,33
¡¯µø∏È,86 - 86,42,13,29
¡¯µø∏È,87 - 87,28,9,19
¡¯µø∏È,88 - 88,33,9,24
¡¯µø∏È,89 - 89,18,6,12
¡¯µø∏È,90 - 90,29,7,22
¡¯µø∏È,91 - 91,13,3,10
¡¯µø∏È,92 - 92,14,0,14
¡¯µø∏È,93 - 93,6,0,6
¡¯µø∏È,94 - 94,5,0,5
¡¯µø∏È,95 - 95,7,1,6
¡¯µø∏È,96 - 96,4,1,3
¡¯µø∏È,97 - 97,3,0,3
¡¯µø∏È,98 - 98,1,0,1
¡¯µø∏È,99 - 99,2,1,1
¡¯µø∏È,102 - 102,1,0,1
¡¯∫œ∏È,0 - 0,2,2,0
¡¯∫œ∏È,1 - 1,4,0,4
¡¯∫œ∏È,2 - 2,5,5,0
¡¯∫œ∏È,3 - 3,5,5,0
¡¯∫œ∏È,4 - 4,8,4,4
¡¯∫œ∏È,5 - 5,7,3,4
¡¯∫œ∏È,6 - 6,4,2,2
¡¯∫œ∏È,7 - 7,9,3,6
¡¯∫œ∏È,8 - 8,5,3,2
¡¯∫œ∏È,9 - 9,10,5,5
¡¯∫œ∏È,10 - 10,12,6,6
¡¯∫œ∏È,11 - 11,12,7,5
¡¯∫œ∏È,12 - 12,12,5,7
¡¯∫œ∏È,13 - 13,8,5,3
¡¯∫œ∏È,14 - 14,10,7,3
¡¯∫œ∏È,15 - 15,9,4,5
¡¯∫œ∏È,16 - 16,19,10,9
¡¯∫œ∏È,17 - 17,9,6,3
¡¯∫œ∏È,18 - 18,27,17,10
¡¯∫œ∏È,19 - 19,16,12,4
¡¯∫œ∏È,20 - 20,28,15,13
¡¯∫œ∏È,21 - 21,27,14,13
¡¯∫œ∏È,22 - 22,23,11,12
¡¯∫œ∏È,23 - 23,32,12,20
¡¯∫œ∏È,24 - 24,25,15,10
¡¯∫œ∏È,25 - 25,24,15,9
¡¯∫œ∏È,26 - 26,25,20,5
¡¯∫œ∏È,27 - 27,22,14,8
¡¯∫œ∏È,28 - 28,13,7,6
¡¯∫œ∏È,29 - 29,26,20,6
¡¯∫œ∏È,30 - 30,25,19,6
¡¯∫œ∏È,31 - 31,25,15,10
¡¯∫œ∏È,32 - 32,25,16,9
¡¯∫œ∏È,33 - 33,18,15,3
¡¯∫œ∏È,34 - 34,8,5,3
¡¯∫œ∏È,35 - 35,9,7,2
¡¯∫œ∏È,36 - 36,12,7,5
¡¯∫œ∏È,37 - 37,23,14,9
¡¯∫œ∏È,38 - 38,31,15,16
¡¯∫œ∏È,39 - 39,21,12,9
¡¯∫œ∏È,40 - 40,27,19,8
¡¯∫œ∏È,41 - 41,32,19,13
¡¯∫œ∏È,42 - 42,25,16,9
¡¯∫œ∏È,43 - 43,22,15,7
¡¯∫œ∏È,44 - 44,24,14,10
¡¯∫œ∏È,45 - 45,31,18,13
¡¯∫œ∏È,46 - 46,23,18,5
¡¯∫œ∏È,47 - 47,35,20,15
¡¯∫œ∏È,48 - 48,40,26,14
¡¯∫œ∏È,49 - 49,40,27,13
¡¯∫œ∏È,50 - 50,45,21,24
¡¯∫œ∏È,51 - 51,57,34,23
¡¯∫œ∏È,52 - 52,63,34,29
¡¯∫œ∏È,53 - 53,59,29,30
¡¯∫œ∏È,54 - 54,63,44,19
¡¯∫œ∏È,55 - 55,65,40,25
¡¯∫œ∏È,56 - 56,71,44,27
¡¯∫œ∏È,57 - 57,66,37,29
¡¯∫œ∏È,58 - 58,93,51,42
¡¯∫œ∏È,59 - 59,104,46,58
¡¯∫œ∏È,60 - 60,100,66,34
¡¯∫œ∏È,61 - 61,98,56,42
¡¯∫œ∏È,62 - 62,81,42,39
¡¯∫œ∏È,63 - 63,88,53,35
¡¯∫œ∏È,64 - 64,93,55,38
¡¯∫œ∏È,65 - 65,103,58,45
¡¯∫œ∏È,66 - 66,103,54,49
¡¯∫œ∏È,67 - 67,68,35,33
¡¯∫œ∏È,68 - 68,80,43,37
¡¯∫œ∏È,69 - 69,81,44,37
¡¯∫œ∏È,70 - 70,67,31,36
¡¯∫œ∏È,71 - 71,81,50,31
¡¯∫œ∏È,72 - 72,60,33,27
¡¯∫œ∏È,73 - 73,49,22,27
¡¯∫œ∏È,74 - 74,65,36,29
¡¯∫œ∏È,75 - 75,30,18,12
¡¯∫œ∏È,76 - 76,44,22,22
¡¯∫œ∏È,77 - 77,43,19,24
¡¯∫œ∏È,78 - 78,46,20,26
¡¯∫œ∏È,79 - 79,53,22,31
¡¯∫œ∏È,80 - 80,36,9,27
¡¯∫œ∏È,81 - 81,35,11,24
¡¯∫œ∏È,82 - 82,43,14,29
¡¯∫œ∏È,83 - 83,36,14,22
¡¯∫œ∏È,84 - 84,36,11,25
¡¯∫œ∏È,85 - 85,36,14,22
¡¯∫œ∏È,86 - 86,32,7,25
¡¯∫œ∏È,87 - 87,25,7,18
¡¯∫œ∏È,88 - 88,12,3,9
¡¯∫œ∏È,89 - 89,20,5,15
¡¯∫œ∏È,90 - 90,13,1,12
¡¯∫œ∏È,91 - 91,13,1,12
¡¯∫œ∏È,92 - 92,9,1,8
¡¯∫œ∏È,93 - 93,9,1,8
¡¯∫œ∏È,94 - 94,5,3,2
¡¯∫œ∏È,95 - 95,5,0,5
¡¯∫œ∏È,96 - 96,3,0,3
¡¯∫œ∏È,97 - 97,1,0,1
¡¯∫œ∏È,98 - 98,1,0,1
¡¯∫œ∏È,99 - 99,3,1,2
¡¯∫œ∏È,109 - 109,1,0,1
¡¯¿¸∏È,0 - 0,3,2,1
¡¯¿¸∏È,2 - 2,1,0,1
¡¯¿¸∏È,3 - 3,3,1,2
¡¯¿¸∏È,4 - 4,2,1,1
¡¯¿¸∏È,5 - 5,2,0,2
¡¯¿¸∏È,6 - 6,9,5,4
¡¯¿¸∏È,7 - 7,4,2,2
¡¯¿¸∏È,8 - 8,10,5,5
¡¯¿¸∏È,9 - 9,14,6,8
¡¯¿¸∏È,10 - 10,12,7,5
¡¯¿¸∏È,11 - 11,13,7,6
¡¯¿¸∏È,12 - 12,10,6,4
¡¯¿¸∏È,13 - 13,14,7,7
¡¯¿¸∏È,14 - 14,19,13,6
¡¯¿¸∏È,15 - 15,9,6,3
¡¯¿¸∏È,16 - 16,14,8,6
¡¯¿¸∏È,17 - 17,15,9,6
¡¯¿¸∏È,18 - 18,15,5,10
¡¯¿¸∏È,19 - 19,17,9,8
¡¯¿¸∏È,20 - 20,20,10,10
¡¯¿¸∏È,21 - 21,19,11,8
¡¯¿¸∏È,22 - 22,29,18,11
¡¯¿¸∏È,23 - 23,21,13,8
¡¯¿¸∏È,24 - 24,29,21,8
¡¯¿¸∏È,25 - 25,23,16,7
¡¯¿¸∏È,26 - 26,18,13,5
¡¯¿¸∏È,27 - 27,24,16,8
¡¯¿¸∏È,28 - 28,21,15,6
¡¯¿¸∏È,29 - 29,14,12,2
¡¯¿¸∏È,30 - 30,17,8,9
¡¯¿¸∏È,31 - 31,13,9,4
¡¯¿¸∏È,32 - 32,20,11,9
¡¯¿¸∏È,33 - 33,11,6,5
¡¯¿¸∏È,34 - 34,20,16,4
¡¯¿¸∏È,35 - 35,18,10,8
¡¯¿¸∏È,36 - 36,21,12,9
¡¯¿¸∏È,37 - 37,14,6,8
¡¯¿¸∏È,38 - 38,19,11,8
¡¯¿¸∏È,39 - 39,16,9,7
¡¯¿¸∏È,40 - 40,20,13,7
¡¯¿¸∏È,41 - 41,23,17,6
¡¯¿¸∏È,42 - 42,20,16,4
¡¯¿¸∏È,43 - 43,27,17,10
¡¯¿¸∏È,44 - 44,26,14,12
¡¯¿¸∏È,45 - 45,27,18,9
¡¯¿¸∏È,46 - 46,29,18,11
¡¯¿¸∏È,47 - 47,31,18,13
¡¯¿¸∏È,48 - 48,32,21,11
¡¯¿¸∏È,49 - 49,47,16,31
¡¯¿¸∏È,50 - 50,62,37,25
¡¯¿¸∏È,51 - 51,45,24,21
¡¯¿¸∏È,52 - 52,61,39,22
¡¯¿¸∏È,53 - 53,71,44,27
¡¯¿¸∏È,54 - 54,74,48,26
¡¯¿¸∏È,55 - 55,76,38,38
¡¯¿¸∏È,56 - 56,84,48,36
¡¯¿¸∏È,57 - 57,63,42,21
¡¯¿¸∏È,58 - 58,89,42,47
¡¯¿¸∏È,59 - 59,78,41,37
¡¯¿¸∏È,60 - 60,109,47,62
¡¯¿¸∏È,61 - 61,114,71,43
¡¯¿¸∏È,62 - 62,122,55,67
¡¯¿¸∏È,63 - 63,100,54,46
¡¯¿¸∏È,64 - 64,105,58,47
¡¯¿¸∏È,65 - 65,90,41,49
¡¯¿¸∏È,66 - 66,93,50,43
¡¯¿¸∏È,67 - 67,96,65,31
¡¯¿¸∏È,68 - 68,99,54,45
¡¯¿¸∏È,69 - 69,85,46,39
¡¯¿¸∏È,70 - 70,66,35,31
¡¯¿¸∏È,71 - 71,91,39,52
¡¯¿¸∏È,72 - 72,76,41,35
¡¯¿¸∏È,73 - 73,87,42,45
¡¯¿¸∏È,74 - 74,91,43,48
¡¯¿¸∏È,75 - 75,51,20,31
¡¯¿¸∏È,76 - 76,64,23,41
¡¯¿¸∏È,77 - 77,58,21,37
¡¯¿¸∏È,78 - 78,87,40,47
¡¯¿¸∏È,79 - 79,61,22,39
¡¯¿¸∏È,80 - 80,77,22,55
¡¯¿¸∏È,81 - 81,64,22,42
¡¯¿¸∏È,82 - 82,50,16,34
¡¯¿¸∏È,83 - 83,60,19,41
¡¯¿¸∏È,84 - 84,59,24,35
¡¯¿¸∏È,85 - 85,58,13,45
¡¯¿¸∏È,86 - 86,45,11,34
¡¯¿¸∏È,87 - 87,33,8,25
¡¯¿¸∏È,88 - 88,37,9,28
¡¯¿¸∏È,89 - 89,39,10,29
¡¯¿¸∏È,90 - 90,24,2,22
¡¯¿¸∏È,91 - 91,16,4,12
¡¯¿¸∏È,92 - 92,14,2,12
¡¯¿¸∏È,93 - 93,13,1,12
¡¯¿¸∏È,94 - 94,13,2,11
¡¯¿¸∏È,95 - 95,6,0,6
¡¯¿¸∏È,96 - 96,1,1,0
¡¯¿¸∏È,97 - 97,2,0,2
¡¯¿¸∏È,98 - 98,4,2,2
¡¯¿¸∏È,100 - 100,2,0,2
«ˆµø,0 - 0,113,53,60
«ˆµø,1 - 1,148,82,66
«ˆµø,2 - 2,160,77,83
«ˆµø,3 - 3,200,100,100
«ˆµø,4 - 4,220,123,97
«ˆµø,5 - 5,241,129,112
«ˆµø,6 - 6,270,140,130
«ˆµø,7 - 7,253,125,128
«ˆµø,8 - 8,224,114,110
«ˆµø,9 - 9,258,136,122
«ˆµø,10 - 10,211,101,110
«ˆµø,11 - 11,168,90,78
«ˆµø,12 - 12,161,83,78
«ˆµø,13 - 13,133,67,66
«ˆµø,14 - 14,118,51,67
«ˆµø,15 - 15,120,58,62
«ˆµø,16 - 16,75,31,44
«ˆµø,17 - 17,77,37,40
«ˆµø,18 - 18,93,52,41
«ˆµø,19 - 19,89,42,47
«ˆµø,20 - 20,108,63,45
«ˆµø,21 - 21,136,76,60
«ˆµø,22 - 22,105,49,56
«ˆµø,23 - 23,122,71,51
«ˆµø,24 - 24,103,58,45
«ˆµø,25 - 25,104,52,52
«ˆµø,26 - 26,113,64,49
«ˆµø,27 - 27,113,51,62
«ˆµø,28 - 28,111,59,52
«ˆµø,29 - 29,156,58,98
«ˆµø,30 - 30,132,58,74
«ˆµø,31 - 31,137,63,74
«ˆµø,32 - 32,172,83,89
«ˆµø,33 - 33,175,85,90
«ˆµø,34 - 34,183,85,98
«ˆµø,35 - 35,243,121,122
«ˆµø,36 - 36,265,125,140
«ˆµø,37 - 37,287,129,158
«ˆµø,38 - 38,338,180,158
«ˆµø,39 - 39,377,190,187
«ˆµø,40 - 40,391,192,199
«ˆµø,41 - 41,339,166,173
«ˆµø,42 - 42,342,175,167
«ˆµø,43 - 43,267,152,115
«ˆµø,44 - 44,225,130,95
«ˆµø,45 - 45,203,117,86
«ˆµø,46 - 46,196,109,87
«ˆµø,47 - 47,208,112,96
«ˆµø,48 - 48,200,104,96
«ˆµø,49 - 49,157,85,72
«ˆµø,50 - 50,209,104,105
«ˆµø,51 - 51,200,95,105
«ˆµø,52 - 52,223,110,113
«ˆµø,53 - 53,191,91,100
«ˆµø,54 - 54,173,85,88
«ˆµø,55 - 55,198,112,86
«ˆµø,56 - 56,157,76,81
«ˆµø,57 - 57,139,71,68
«ˆµø,58 - 58,225,106,119
«ˆµø,59 - 59,185,85,100
«ˆµø,60 - 60,235,116,119
«ˆµø,61 - 61,226,96,130
«ˆµø,62 - 62,179,83,96
«ˆµø,63 - 63,187,96,91
«ˆµø,64 - 64,166,78,88
«ˆµø,65 - 65,167,78,89
«ˆµø,66 - 66,198,88,110
«ˆµø,67 - 67,160,76,84
«ˆµø,68 - 68,115,50,65
«ˆµø,69 - 69,141,70,71
«ˆµø,70 - 70,90,47,43
«ˆµø,71 - 71,114,56,58
«ˆµø,72 - 72,108,52,56
«ˆµø,73 - 73,95,45,50
«ˆµø,74 - 74,95,39,56
«ˆµø,75 - 75,47,27,20
«ˆµø,76 - 76,62,30,32
«ˆµø,77 - 77,55,29,26
«ˆµø,78 - 78,41,20,21
«ˆµø,79 - 79,65,23,42
«ˆµø,80 - 80,52,25,27
«ˆµø,81 - 81,42,13,29
«ˆµø,82 - 82,35,13,22
«ˆµø,83 - 83,24,11,13
«ˆµø,84 - 84,36,8,28
«ˆµø,85 - 85,22,9,13
«ˆµø,86 - 86,29,8,21
«ˆµø,87 - 87,24,7,17
«ˆµø,88 - 88,16,2,14
«ˆµø,89 - 89,15,1,14
«ˆµø,90 - 90,8,4,4
«ˆµø,91 - 91,6,0,6
«ˆµø,92 - 92,9,1,8
«ˆµø,93 - 93,4,0,4
«ˆµø,94 - 94,3,1,2
«ˆµø,95 - 95,5,1,4
«ˆµø,98 - 98,1,0,1
«ˆµø,99 - 99,1,1,0
∞°∆˜µø,0 - 0,2,0,2
∞°∆˜µø,1 - 1,5,3,2
∞°∆˜µø,2 - 2,8,6,2
∞°∆˜µø,3 - 3,5,2,3
∞°∆˜µø,4 - 4,6,4,2
∞°∆˜µø,5 - 5,8,3,5
∞°∆˜µø,6 - 6,4,2,2
∞°∆˜µø,7 - 7,3,1,2
∞°∆˜µø,8 - 8,7,4,3
∞°∆˜µø,9 - 9,2,0,2
∞°∆˜µø,10 - 10,5,1,4
∞°∆˜µø,11 - 11,4,2,2
∞°∆˜µø,12 - 12,3,3,0
∞°∆˜µø,13 - 13,2,2,0
∞°∆˜µø,14 - 14,4,2,2
∞°∆˜µø,15 - 15,2,2,0
∞°∆˜µø,16 - 16,5,4,1
∞°∆˜µø,17 - 17,4,3,1
∞°∆˜µø,18 - 18,4,1,3
∞°∆˜µø,19 - 19,7,1,6
∞°∆˜µø,20 - 20,9,5,4
∞°∆˜µø,21 - 21,11,6,5
∞°∆˜µø,22 - 22,9,3,6
∞°∆˜µø,23 - 23,12,8,4
∞°∆˜µø,24 - 24,10,6,4
∞°∆˜µø,25 - 25,8,4,4
∞°∆˜µø,26 - 26,21,14,7
∞°∆˜µø,27 - 27,19,11,8
∞°∆˜µø,28 - 28,16,8,8
∞°∆˜µø,29 - 29,14,8,6
∞°∆˜µø,30 - 30,17,10,7
∞°∆˜µø,31 - 31,10,5,5
∞°∆˜µø,32 - 32,10,6,4
∞°∆˜µø,33 - 33,15,10,5
∞°∆˜µø,34 - 34,8,4,4
∞°∆˜µø,35 - 35,5,5,0
∞°∆˜µø,36 - 36,15,8,7
∞°∆˜µø,37 - 37,13,4,9
∞°∆˜µø,38 - 38,11,4,7
∞°∆˜µø,39 - 39,13,8,5
∞°∆˜µø,40 - 40,15,9,6
∞°∆˜µø,41 - 41,18,11,7
∞°∆˜µø,42 - 42,8,4,4
∞°∆˜µø,43 - 43,10,4,6
∞°∆˜µø,44 - 44,7,6,1
∞°∆˜µø,45 - 45,8,5,3
∞°∆˜µø,46 - 46,13,6,7
∞°∆˜µø,47 - 47,11,3,8
∞°∆˜µø,48 - 48,16,5,11
∞°∆˜µø,49 - 49,11,7,4
∞°∆˜µø,50 - 50,11,3,8
∞°∆˜µø,51 - 51,17,10,7
∞°∆˜µø,52 - 52,21,13,8
∞°∆˜µø,53 - 53,11,5,6
∞°∆˜µø,54 - 54,20,14,6
∞°∆˜µø,55 - 55,16,9,7
∞°∆˜µø,56 - 56,10,7,3
∞°∆˜µø,57 - 57,10,5,5
∞°∆˜µø,58 - 58,21,14,7
∞°∆˜µø,59 - 59,17,9,8
∞°∆˜µø,60 - 60,23,7,16
∞°∆˜µø,61 - 61,30,19,11
∞°∆˜µø,62 - 62,28,21,7
∞°∆˜µø,63 - 63,21,12,9
∞°∆˜µø,64 - 64,19,11,8
∞°∆˜µø,65 - 65,15,8,7
∞°∆˜µø,66 - 66,19,10,9
∞°∆˜µø,67 - 67,27,11,16
∞°∆˜µø,68 - 68,26,12,14
∞°∆˜µø,69 - 69,20,9,11
∞°∆˜µø,70 - 70,17,8,9
∞°∆˜µø,71 - 71,21,12,9
∞°∆˜µø,72 - 72,13,9,4
∞°∆˜µø,73 - 73,17,10,7
∞°∆˜µø,74 - 74,15,7,8
∞°∆˜µø,75 - 75,9,5,4
∞°∆˜µø,76 - 76,11,3,8
∞°∆˜µø,77 - 77,3,1,2
∞°∆˜µø,78 - 78,6,4,2
∞°∆˜µø,79 - 79,3,3,0
∞°∆˜µø,80 - 80,11,6,5
∞°∆˜µø,81 - 81,8,1,7
∞°∆˜µø,82 - 82,6,1,5
∞°∆˜µø,83 - 83,4,0,4
∞°∆˜µø,84 - 84,7,0,7
∞°∆˜µø,85 - 85,2,0,2
∞°∆˜µø,86 - 86,3,1,2
∞°∆˜µø,87 - 87,2,0,2
∞°∆˜µø,89 - 89,3,1,2
∞°∆˜µø,90 - 90,1,1,0
∞°∆˜µø,91 - 91,1,0,1
∞°∆˜µø,93 - 93,1,1,0
∞°∆˜µø,95 - 95,1,0,1
∞°∆˜µø,96 - 96,2,2,0
ø˘øµµø,0 - 0,326,161,165
ø˘øµµø,1 - 1,379,196,183
ø˘øµµø,2 - 2,398,198,200
ø˘øµµø,3 - 3,409,219,190
ø˘øµµø,4 - 4,447,232,215
ø˘øµµø,5 - 5,549,281,268
ø˘øµµø,6 - 6,524,266,258
ø˘øµµø,7 - 7,491,250,241
ø˘øµµø,8 - 8,500,273,227
ø˘øµµø,9 - 9,474,227,247
ø˘øµµø,10 - 10,501,248,253
ø˘øµµø,11 - 11,395,195,200
ø˘øµµø,12 - 12,393,201,192
ø˘øµµø,13 - 13,442,247,195
ø˘øµµø,14 - 14,378,186,192
ø˘øµµø,15 - 15,362,181,181
ø˘øµµø,16 - 16,339,193,146
ø˘øµµø,17 - 17,384,199,185
ø˘øµµø,18 - 18,387,201,186
ø˘øµµø,19 - 19,427,231,196
ø˘øµµø,20 - 20,494,271,223
ø˘øµµø,21 - 21,550,306,244
ø˘øµµø,22 - 22,547,318,229
ø˘øµµø,23 - 23,514,304,210
ø˘øµµø,24 - 24,520,307,213
ø˘øµµø,25 - 25,473,277,196
ø˘øµµø,26 - 26,497,260,237
ø˘øµµø,27 - 27,435,239,196
ø˘øµµø,28 - 28,501,280,221
ø˘øµµø,29 - 29,516,273,243
ø˘øµµø,30 - 30,491,245,246
ø˘øµµø,31 - 31,549,265,284
ø˘øµµø,32 - 32,532,270,262
ø˘øµµø,33 - 33,572,302,270
ø˘øµµø,34 - 34,585,285,300
ø˘øµµø,35 - 35,640,342,298
ø˘øµµø,36 - 36,641,344,297
ø˘øµµø,37 - 37,669,351,318
ø˘øµµø,38 - 38,801,410,391
ø˘øµµø,39 - 39,810,393,417
ø˘øµµø,40 - 40,780,411,369
ø˘øµµø,41 - 41,795,384,411
ø˘øµµø,42 - 42,651,328,323
ø˘øµµø,43 - 43,612,311,301
ø˘øµµø,44 - 44,599,335,264
ø˘øµµø,45 - 45,591,292,299
ø˘øµµø,46 - 46,618,303,315
ø˘øµµø,47 - 47,637,299,338
ø˘øµµø,48 - 48,682,315,367
ø˘øµµø,49 - 49,671,314,357
ø˘øµµø,50 - 50,682,322,360
ø˘øµµø,51 - 51,718,331,387
ø˘øµµø,52 - 52,743,345,398
ø˘øµµø,53 - 53,699,302,397
ø˘øµµø,54 - 54,637,326,311
ø˘øµµø,55 - 55,645,333,312
ø˘øµµø,56 - 56,597,287,310
ø˘øµµø,57 - 57,568,274,294
ø˘øµµø,58 - 58,655,332,323
ø˘øµµø,59 - 59,632,297,335
ø˘øµµø,60 - 60,763,362,401
ø˘øµµø,61 - 61,714,321,393
ø˘øµµø,62 - 62,587,264,323
ø˘øµµø,63 - 63,598,284,314
ø˘øµµø,64 - 64,552,282,270
ø˘øµµø,65 - 65,498,229,269
ø˘øµµø,66 - 66,591,282,309
ø˘øµµø,67 - 67,428,202,226
ø˘øµµø,68 - 68,362,150,212
ø˘øµµø,69 - 69,403,203,200
ø˘øµµø,70 - 70,289,135,154
ø˘øµµø,71 - 71,337,157,180
ø˘øµµø,72 - 72,298,129,169
ø˘øµµø,73 - 73,290,141,149
ø˘øµµø,74 - 74,260,115,145
ø˘øµµø,75 - 75,158,67,91
ø˘øµµø,76 - 76,204,100,104
ø˘øµµø,77 - 77,186,88,98
ø˘øµµø,78 - 78,175,84,91
ø˘øµµø,79 - 79,200,99,101
ø˘øµµø,80 - 80,166,66,100
ø˘øµµø,81 - 81,115,34,81
ø˘øµµø,82 - 82,105,38,67
ø˘øµµø,83 - 83,108,42,66
ø˘øµµø,84 - 84,98,31,67
ø˘øµµø,85 - 85,73,17,56
ø˘øµµø,86 - 86,66,27,39
ø˘øµµø,87 - 87,48,12,36
ø˘øµµø,88 - 88,42,10,32
ø˘øµµø,89 - 89,37,9,28
ø˘øµµø,90 - 90,34,7,27
ø˘øµµø,91 - 91,30,4,26
ø˘øµµø,92 - 92,21,1,20
ø˘øµµø,93 - 93,15,4,11
ø˘øµµø,94 - 94,6,1,5
ø˘øµµø,95 - 95,6,0,6
ø˘øµµø,96 - 96,4,1,3
ø˘øµµø,97 - 97,4,0,4
ø˘øµµø,98 - 98,2,0,2
ø˘øµµø,99 - 99,3,0,3
ø˘øµµø,101 - 101,1,0,1
ø˘øµµø,120 - 120,1,0,1
πÆ»≠µø,0 - 0,38,16,22
πÆ»≠µø,1 - 1,30,15,15
πÆ»≠µø,2 - 2,32,20,12
πÆ»≠µø,3 - 3,31,19,12
πÆ»≠µø,4 - 4,42,25,17
πÆ»≠µø,5 - 5,48,18,30
πÆ»≠µø,6 - 6,56,31,25
πÆ»≠µø,7 - 7,65,34,31
πÆ»≠µø,8 - 8,72,34,38
πÆ»≠µø,9 - 9,61,29,32
πÆ»≠µø,10 - 10,51,20,31
πÆ»≠µø,11 - 11,58,28,30
πÆ»≠µø,12 - 12,59,29,30
πÆ»≠µø,13 - 13,60,29,31
πÆ»≠µø,14 - 14,58,27,31
πÆ»≠µø,15 - 15,57,24,33
πÆ»≠µø,16 - 16,66,33,33
πÆ»≠µø,17 - 17,72,30,42
πÆ»≠µø,18 - 18,79,48,31
πÆ»≠µø,19 - 19,111,54,57
πÆ»≠µø,20 - 20,141,60,81
πÆ»≠µø,21 - 21,207,106,101
πÆ»≠µø,22 - 22,221,125,96
πÆ»≠µø,23 - 23,212,134,78
πÆ»≠µø,24 - 24,198,114,84
πÆ»≠µø,25 - 25,178,106,72
πÆ»≠µø,26 - 26,135,76,59
πÆ»≠µø,27 - 27,147,89,58
πÆ»≠µø,28 - 28,147,91,56
πÆ»≠µø,29 - 29,120,59,61
πÆ»≠µø,30 - 30,112,70,42
πÆ»≠µø,31 - 31,98,53,45
πÆ»≠µø,32 - 32,102,54,48
πÆ»≠µø,33 - 33,100,58,42
πÆ»≠µø,34 - 34,77,34,43
πÆ»≠µø,35 - 35,106,56,50
πÆ»≠µø,36 - 36,101,61,40
πÆ»≠µø,37 - 37,115,60,55
πÆ»≠µø,38 - 38,108,54,54
πÆ»≠µø,39 - 39,150,80,70
πÆ»≠µø,40 - 40,131,87,44
πÆ»≠µø,41 - 41,130,73,57
πÆ»≠µø,42 - 42,134,70,64
πÆ»≠µø,43 - 43,127,63,64
πÆ»≠µø,44 - 44,114,64,50
πÆ»≠µø,45 - 45,124,74,50
πÆ»≠µø,46 - 46,136,71,65
πÆ»≠µø,47 - 47,160,90,70
πÆ»≠µø,48 - 48,165,78,87
πÆ»≠µø,49 - 49,159,75,84
πÆ»≠µø,50 - 50,174,73,101
πÆ»≠µø,51 - 51,187,112,75
πÆ»≠µø,52 - 52,195,94,101
πÆ»≠µø,53 - 53,179,92,87
πÆ»≠µø,54 - 54,184,97,87
πÆ»≠µø,55 - 55,155,84,71
πÆ»≠µø,56 - 56,197,87,110
πÆ»≠µø,57 - 57,165,77,88
πÆ»≠µø,58 - 58,222,100,122
πÆ»≠µø,59 - 59,177,86,91
πÆ»≠µø,60 - 60,252,123,129
πÆ»≠µø,61 - 61,235,110,125
πÆ»≠µø,62 - 62,234,101,133
πÆ»≠µø,63 - 63,199,94,105
πÆ»≠µø,64 - 64,210,98,112
πÆ»≠µø,65 - 65,219,100,119
πÆ»≠µø,66 - 66,228,107,121
πÆ»≠µø,67 - 67,182,74,108
πÆ»≠µø,68 - 68,157,62,95
πÆ»≠µø,69 - 69,199,106,93
πÆ»≠µø,70 - 70,131,50,81
πÆ»≠µø,71 - 71,169,81,88
πÆ»≠µø,72 - 72,138,71,67
πÆ»≠µø,73 - 73,154,76,78
πÆ»≠µø,74 - 74,128,47,81
πÆ»≠µø,75 - 75,79,35,44
πÆ»≠µø,76 - 76,113,55,58
πÆ»≠µø,77 - 77,106,50,56
πÆ»≠µø,78 - 78,104,39,65
πÆ»≠µø,79 - 79,91,38,53
πÆ»≠µø,80 - 80,99,37,62
πÆ»≠µø,81 - 81,60,21,39
πÆ»≠µø,82 - 82,85,33,52
πÆ»≠µø,83 - 83,64,29,35
πÆ»≠µø,84 - 84,68,21,47
πÆ»≠µø,85 - 85,48,9,39
πÆ»≠µø,86 - 86,35,9,26
πÆ»≠µø,87 - 87,39,15,24
πÆ»≠µø,88 - 88,27,7,20
πÆ»≠µø,89 - 89,23,7,16
πÆ»≠µø,90 - 90,17,1,16
πÆ»≠µø,91 - 91,25,6,19
πÆ»≠µø,92 - 92,11,2,9
πÆ»≠µø,93 - 93,8,0,8
πÆ»≠µø,94 - 94,6,1,5
πÆ»≠µø,95 - 95,5,1,4
πÆ»≠µø,96 - 96,6,2,4
πÆ»≠µø,97 - 97,2,1,1
πÆ»≠µø,98 - 98,2,0,2
πÆ»≠µø,99 - 99,2,0,2
πÆ»≠µø,102 - 102,1,0,1
π›ø˘¡ﬂæ”µø,0 - 0,37,16,21
π›ø˘¡ﬂæ”µø,1 - 1,52,31,21
π›ø˘¡ﬂæ”µø,2 - 2,49,27,22
π›ø˘¡ﬂæ”µø,3 - 3,73,41,32
π›ø˘¡ﬂæ”µø,4 - 4,71,35,36
π›ø˘¡ﬂæ”µø,5 - 5,92,51,41
π›ø˘¡ﬂæ”µø,6 - 6,87,55,32
π›ø˘¡ﬂæ”µø,7 - 7,121,61,60
π›ø˘¡ﬂæ”µø,8 - 8,117,64,53
π›ø˘¡ﬂæ”µø,9 - 9,118,59,59
π›ø˘¡ﬂæ”µø,10 - 10,148,76,72
π›ø˘¡ﬂæ”µø,11 - 11,117,64,53
π›ø˘¡ﬂæ”µø,12 - 12,141,74,67
π›ø˘¡ﬂæ”µø,13 - 13,144,67,77
π›ø˘¡ﬂæ”µø,14 - 14,131,63,68
π›ø˘¡ﬂæ”µø,15 - 15,140,71,69
π›ø˘¡ﬂæ”µø,16 - 16,117,68,49
π›ø˘¡ﬂæ”µø,17 - 17,158,76,82
π›ø˘¡ﬂæ”µø,18 - 18,116,64,52
π›ø˘¡ﬂæ”µø,19 - 19,140,66,74
π›ø˘¡ﬂæ”µø,20 - 20,142,84,58
π›ø˘¡ﬂæ”µø,21 - 21,163,96,67
π›ø˘¡ﬂæ”µø,22 - 22,171,97,74
π›ø˘¡ﬂæ”µø,23 - 23,150,86,64
π›ø˘¡ﬂæ”µø,24 - 24,159,89,70
π›ø˘¡ﬂæ”µø,25 - 25,160,84,76
π›ø˘¡ﬂæ”µø,26 - 26,151,78,73
π›ø˘¡ﬂæ”µø,27 - 27,156,80,76
π›ø˘¡ﬂæ”µø,28 - 28,138,75,63
π›ø˘¡ﬂæ”µø,29 - 29,140,78,62
π›ø˘¡ﬂæ”µø,30 - 30,154,92,62
π›ø˘¡ﬂæ”µø,31 - 31,128,68,60
π›ø˘¡ﬂæ”µø,32 - 32,120,67,53
π›ø˘¡ﬂæ”µø,33 - 33,125,65,60
π›ø˘¡ﬂæ”µø,34 - 34,120,63,57
π›ø˘¡ﬂæ”µø,35 - 35,122,53,69
π›ø˘¡ﬂæ”µø,36 - 36,164,90,74
π›ø˘¡ﬂæ”µø,37 - 37,148,87,61
π›ø˘¡ﬂæ”µø,38 - 38,172,91,81
π›ø˘¡ﬂæ”µø,39 - 39,202,101,101
π›ø˘¡ﬂæ”µø,40 - 40,206,109,97
π›ø˘¡ﬂæ”µø,41 - 41,219,96,123
π›ø˘¡ﬂæ”µø,42 - 42,216,109,107
π›ø˘¡ﬂæ”µø,43 - 43,193,99,94
π›ø˘¡ﬂæ”µø,44 - 44,199,103,96
π›ø˘¡ﬂæ”µø,45 - 45,224,124,100
π›ø˘¡ﬂæ”µø,46 - 46,228,106,122
π›ø˘¡ﬂæ”µø,47 - 47,230,120,110
π›ø˘¡ﬂæ”µø,48 - 48,246,133,113
π›ø˘¡ﬂæ”µø,49 - 49,249,121,128
π›ø˘¡ﬂæ”µø,50 - 50,259,141,118
π›ø˘¡ﬂæ”µø,51 - 51,255,120,135
π›ø˘¡ﬂæ”µø,52 - 52,284,129,155
π›ø˘¡ﬂæ”µø,53 - 53,240,110,130
π›ø˘¡ﬂæ”µø,54 - 54,253,136,117
π›ø˘¡ﬂæ”µø,55 - 55,229,101,128
π›ø˘¡ﬂæ”µø,56 - 56,214,97,117
π›ø˘¡ﬂæ”µø,57 - 57,213,99,114
π›ø˘¡ﬂæ”µø,58 - 58,257,127,130
π›ø˘¡ﬂæ”µø,59 - 59,245,115,130
π›ø˘¡ﬂæ”µø,60 - 60,304,151,153
π›ø˘¡ﬂæ”µø,61 - 61,291,143,148
π›ø˘¡ﬂæ”µø,62 - 62,289,132,157
π›ø˘¡ﬂæ”µø,63 - 63,287,125,162
π›ø˘¡ﬂæ”µø,64 - 64,239,112,127
π›ø˘¡ﬂæ”µø,65 - 65,228,110,118
π›ø˘¡ﬂæ”µø,66 - 66,270,125,145
π›ø˘¡ﬂæ”µø,67 - 67,182,77,105
π›ø˘¡ﬂæ”µø,68 - 68,197,72,125
π›ø˘¡ﬂæ”µø,69 - 69,210,88,122
π›ø˘¡ﬂæ”µø,70 - 70,154,69,85
π›ø˘¡ﬂæ”µø,71 - 71,206,90,116
π›ø˘¡ﬂæ”µø,72 - 72,149,64,85
π›ø˘¡ﬂæ”µø,73 - 73,174,82,92
π›ø˘¡ﬂæ”µø,74 - 74,176,81,95
π›ø˘¡ﬂæ”µø,75 - 75,107,46,61
π›ø˘¡ﬂæ”µø,76 - 76,138,50,88
π›ø˘¡ﬂæ”µø,77 - 77,134,54,80
π›ø˘¡ﬂæ”µø,78 - 78,138,57,81
π›ø˘¡ﬂæ”µø,79 - 79,140,54,86
π›ø˘¡ﬂæ”µø,80 - 80,107,38,69
π›ø˘¡ﬂæ”µø,81 - 81,93,34,59
π›ø˘¡ﬂæ”µø,82 - 82,71,22,49
π›ø˘¡ﬂæ”µø,83 - 83,80,34,46
π›ø˘¡ﬂæ”µø,84 - 84,86,28,58
π›ø˘¡ﬂæ”µø,85 - 85,80,24,56
π›ø˘¡ﬂæ”µø,86 - 86,59,18,41
π›ø˘¡ﬂæ”µø,87 - 87,43,12,31
π›ø˘¡ﬂæ”µø,88 - 88,37,8,29
π›ø˘¡ﬂæ”µø,89 - 89,32,6,26
π›ø˘¡ﬂæ”µø,90 - 90,20,6,14
π›ø˘¡ﬂæ”µø,91 - 91,14,1,13
π›ø˘¡ﬂæ”µø,92 - 92,11,3,8
π›ø˘¡ﬂæ”µø,93 - 93,11,2,9
π›ø˘¡ﬂæ”µø,94 - 94,5,2,3
π›ø˘¡ﬂæ”µø,95 - 95,4,2,2
π›ø˘¡ﬂæ”µø,96 - 96,6,0,6
π›ø˘¡ﬂæ”µø,98 - 98,4,1,3
π›ø˘¡ﬂæ”µø,99 - 99,1,1,0
π›ø˘¡ﬂæ”µø,102 - 102,1,0,1
π›ø˘¡ﬂæ”µø,106 - 106,2,0,2
π›ø˘¡ﬂæ”µø,108 - 108,1,0,1
π›ø˘¡ﬂæ”µø,112 - 112,1,0,1
øœø˘µø,0 - 0,20,9,11
øœø˘µø,1 - 1,21,11,10
øœø˘µø,2 - 2,20,9,11
øœø˘µø,3 - 3,25,13,12
øœø˘µø,4 - 4,26,14,12
øœø˘µø,5 - 5,43,18,25
øœø˘µø,6 - 6,46,24,22
øœø˘µø,7 - 7,47,24,23
øœø˘µø,8 - 8,66,35,31
øœø˘µø,9 - 9,64,30,34
øœø˘µø,10 - 10,65,40,25
øœø˘µø,11 - 11,59,27,32
øœø˘µø,12 - 12,72,41,31
øœø˘µø,13 - 13,58,23,35
øœø˘µø,14 - 14,71,29,42
øœø˘µø,15 - 15,58,23,35
øœø˘µø,16 - 16,70,33,37
øœø˘µø,17 - 17,92,46,46
øœø˘µø,18 - 18,79,37,42
øœø˘µø,19 - 19,76,35,41
øœø˘µø,20 - 20,117,59,58
øœø˘µø,21 - 21,112,64,48
øœø˘µø,22 - 22,107,51,56
øœø˘µø,23 - 23,99,58,41
øœø˘µø,24 - 24,112,62,50
øœø˘µø,25 - 25,111,58,53
øœø˘µø,26 - 26,116,57,59
øœø˘µø,27 - 27,92,50,42
øœø˘µø,28 - 28,116,62,54
øœø˘µø,29 - 29,93,55,38
øœø˘µø,30 - 30,80,45,35
øœø˘µø,31 - 31,81,48,33
øœø˘µø,32 - 32,72,33,39
øœø˘µø,33 - 33,78,45,33
øœø˘µø,34 - 34,90,58,32
øœø˘µø,35 - 35,64,35,29
øœø˘µø,36 - 36,78,47,31
øœø˘µø,37 - 37,73,38,35
øœø˘µø,38 - 38,92,51,41
øœø˘µø,39 - 39,91,47,44
øœø˘µø,40 - 40,115,63,52
øœø˘µø,41 - 41,126,59,67
øœø˘µø,42 - 42,87,50,37
øœø˘µø,43 - 43,108,60,48
øœø˘µø,44 - 44,106,50,56
øœø˘µø,45 - 45,99,43,56
øœø˘µø,46 - 46,133,62,71
øœø˘µø,47 - 47,151,81,70
øœø˘µø,48 - 48,155,85,70
øœø˘µø,49 - 49,118,69,49
øœø˘µø,50 - 50,177,82,95
øœø˘µø,51 - 51,139,66,73
øœø˘µø,52 - 52,186,93,93
øœø˘µø,53 - 53,176,94,82
øœø˘µø,54 - 54,151,72,79
øœø˘µø,55 - 55,164,73,91
øœø˘µø,56 - 56,167,70,97
øœø˘µø,57 - 57,147,76,71
øœø˘µø,58 - 58,174,86,88
øœø˘µø,59 - 59,199,95,104
øœø˘µø,60 - 60,227,96,131
øœø˘µø,61 - 61,206,84,122
øœø˘µø,62 - 62,195,90,105
øœø˘µø,63 - 63,184,87,97
øœø˘µø,64 - 64,187,90,97
øœø˘µø,65 - 65,183,91,92
øœø˘µø,66 - 66,187,91,96
øœø˘µø,67 - 67,158,75,83
øœø˘µø,68 - 68,135,63,72
øœø˘µø,69 - 69,147,83,64
øœø˘µø,70 - 70,98,44,54
øœø˘µø,71 - 71,115,52,63
øœø˘µø,72 - 72,120,53,67
øœø˘µø,73 - 73,93,39,54
øœø˘µø,74 - 74,96,42,54
øœø˘µø,75 - 75,72,41,31
øœø˘µø,76 - 76,84,35,49
øœø˘µø,77 - 77,77,27,50
øœø˘µø,78 - 78,70,30,40
øœø˘µø,79 - 79,74,33,41
øœø˘µø,80 - 80,74,33,41
øœø˘µø,81 - 81,56,20,36
øœø˘µø,82 - 82,66,20,46
øœø˘µø,83 - 83,52,19,33
øœø˘µø,84 - 84,54,19,35
øœø˘µø,85 - 85,45,10,35
øœø˘µø,86 - 86,30,11,19
øœø˘µø,87 - 87,37,5,32
øœø˘µø,88 - 88,20,8,12
øœø˘µø,89 - 89,21,8,13
øœø˘µø,90 - 90,19,3,16
øœø˘µø,91 - 91,9,1,8
øœø˘µø,92 - 92,6,3,3
øœø˘µø,93 - 93,2,0,2
øœø˘µø,94 - 94,4,1,3
øœø˘µø,95 - 95,3,1,2
øœø˘µø,96 - 96,1,1,0
øœø˘µø,97 - 97,2,1,1
øœø˘µø,98 - 98,4,1,3
øœø˘µø,99 - 99,2,0,2
øœø˘µø,102 - 102,1,0,1
¿⁄ªÍµø,0 - 0,18,11,7
¿⁄ªÍµø,1 - 1,16,13,3
¿⁄ªÍµø,2 - 2,26,13,13
¿⁄ªÍµø,3 - 3,19,10,9
¿⁄ªÍµø,4 - 4,30,20,10
¿⁄ªÍµø,5 - 5,58,35,23
¿⁄ªÍµø,6 - 6,53,31,22
¿⁄ªÍµø,7 - 7,63,31,32
¿⁄ªÍµø,8 - 8,68,35,33
¿⁄ªÍµø,9 - 9,84,47,37
¿⁄ªÍµø,10 - 10,71,33,38
¿⁄ªÍµø,11 - 11,65,37,28
¿⁄ªÍµø,12 - 12,75,41,34
¿⁄ªÍµø,13 - 13,86,54,32
¿⁄ªÍµø,14 - 14,93,47,46
¿⁄ªÍµø,15 - 15,78,45,33
¿⁄ªÍµø,16 - 16,88,50,38
¿⁄ªÍµø,17 - 17,85,50,35
¿⁄ªÍµø,18 - 18,97,56,41
¿⁄ªÍµø,19 - 19,101,64,37
¿⁄ªÍµø,20 - 20,109,67,42
¿⁄ªÍµø,21 - 21,121,73,48
¿⁄ªÍµø,22 - 22,113,52,61
¿⁄ªÍµø,23 - 23,120,75,45
¿⁄ªÍµø,24 - 24,122,65,57
¿⁄ªÍµø,25 - 25,121,63,58
¿⁄ªÍµø,26 - 26,120,68,52
¿⁄ªÍµø,27 - 27,117,64,53
¿⁄ªÍµø,28 - 28,100,62,38
¿⁄ªÍµø,29 - 29,103,61,42
¿⁄ªÍµø,30 - 30,91,50,41
¿⁄ªÍµø,31 - 31,73,41,32
¿⁄ªÍµø,32 - 32,77,44,33
¿⁄ªÍµø,33 - 33,79,48,31
¿⁄ªÍµø,34 - 34,81,42,39
¿⁄ªÍµø,35 - 35,77,39,38
¿⁄ªÍµø,36 - 36,76,40,36
¿⁄ªÍµø,37 - 37,104,61,43
¿⁄ªÍµø,38 - 38,118,71,47
¿⁄ªÍµø,39 - 39,110,60,50
¿⁄ªÍµø,40 - 40,143,67,76
¿⁄ªÍµø,41 - 41,133,66,67
¿⁄ªÍµø,42 - 42,130,66,64
¿⁄ªÍµø,43 - 43,127,70,57
¿⁄ªÍµø,44 - 44,125,71,54
¿⁄ªÍµø,45 - 45,121,57,64
¿⁄ªÍµø,46 - 46,133,72,61
¿⁄ªÍµø,47 - 47,167,79,88
¿⁄ªÍµø,48 - 48,174,88,86
¿⁄ªÍµø,49 - 49,159,78,81
¿⁄ªÍµø,50 - 50,195,93,102
¿⁄ªÍµø,51 - 51,178,84,94
¿⁄ªÍµø,52 - 52,205,109,96
¿⁄ªÍµø,53 - 53,192,85,107
¿⁄ªÍµø,54 - 54,160,75,85
¿⁄ªÍµø,55 - 55,169,77,92
¿⁄ªÍµø,56 - 56,177,75,102
¿⁄ªÍµø,57 - 57,174,79,95
¿⁄ªÍµø,58 - 58,216,101,115
¿⁄ªÍµø,59 - 59,215,102,113
¿⁄ªÍµø,60 - 60,254,93,161
¿⁄ªÍµø,61 - 61,233,105,128
¿⁄ªÍµø,62 - 62,224,95,129
¿⁄ªÍµø,63 - 63,209,95,114
¿⁄ªÍµø,64 - 64,234,119,115
¿⁄ªÍµø,65 - 65,227,94,133
¿⁄ªÍµø,66 - 66,233,111,122
¿⁄ªÍµø,67 - 67,173,93,80
¿⁄ªÍµø,68 - 68,181,91,90
¿⁄ªÍµø,69 - 69,179,85,94
¿⁄ªÍµø,70 - 70,147,71,76
¿⁄ªÍµø,71 - 71,122,66,56
¿⁄ªÍµø,72 - 72,128,55,73
¿⁄ªÍµø,73 - 73,141,60,81
¿⁄ªÍµø,74 - 74,146,59,87
¿⁄ªÍµø,75 - 75,90,42,48
¿⁄ªÍµø,76 - 76,113,52,61
¿⁄ªÍµø,77 - 77,96,34,62
¿⁄ªÍµø,78 - 78,94,33,61
¿⁄ªÍµø,79 - 79,95,40,55
¿⁄ªÍµø,80 - 80,92,41,51
¿⁄ªÍµø,81 - 81,65,28,37
¿⁄ªÍµø,82 - 82,57,15,42
¿⁄ªÍµø,83 - 83,50,20,30
¿⁄ªÍµø,84 - 84,49,17,32
¿⁄ªÍµø,85 - 85,40,11,29
¿⁄ªÍµø,86 - 86,32,9,23
¿⁄ªÍµø,87 - 87,43,14,29
¿⁄ªÍµø,88 - 88,23,1,22
¿⁄ªÍµø,89 - 89,16,3,13
¿⁄ªÍµø,90 - 90,10,1,9
¿⁄ªÍµø,91 - 91,14,1,13
¿⁄ªÍµø,92 - 92,6,0,6
¿⁄ªÍµø,93 - 93,2,0,2
¿⁄ªÍµø,94 - 94,6,3,3
¿⁄ªÍµø,95 - 95,4,1,3
¿⁄ªÍµø,97 - 97,1,0,1
¿⁄ªÍµø,98 - 98,1,0,1
¿⁄ªÍµø,99 - 99,2,2,0
¿⁄ªÍµø,100 - 100,1,0,1
±≥πÊµø,0 - 0,84,44,40
±≥πÊµø,1 - 1,78,37,41
±≥πÊµø,2 - 2,88,52,36
±≥πÊµø,3 - 3,114,53,61
±≥πÊµø,4 - 4,109,62,47
±≥πÊµø,5 - 5,137,72,65
±≥πÊµø,6 - 6,124,61,63
±≥πÊµø,7 - 7,146,77,69
±≥πÊµø,8 - 8,161,85,76
±≥πÊµø,9 - 9,162,81,81
±≥πÊµø,10 - 10,137,73,64
±≥πÊµø,11 - 11,131,67,64
±≥πÊµø,12 - 12,134,64,70
±≥πÊµø,13 - 13,163,87,76
±≥πÊµø,14 - 14,157,91,66
±≥πÊµø,15 - 15,134,71,63
±≥πÊµø,16 - 16,119,62,57
±≥πÊµø,17 - 17,108,59,49
±≥πÊµø,18 - 18,115,58,57
±≥πÊµø,19 - 19,116,56,60
±≥πÊµø,20 - 20,126,64,62
±≥πÊµø,21 - 21,178,87,91
±≥πÊµø,22 - 22,168,102,66
±≥πÊµø,23 - 23,155,87,68
±≥πÊµø,24 - 24,141,77,64
±≥πÊµø,25 - 25,147,87,60
±≥πÊµø,26 - 26,154,78,76
±≥πÊµø,27 - 27,158,78,80
±≥πÊµø,28 - 28,150,81,69
±≥πÊµø,29 - 29,161,90,71
±≥πÊµø,30 - 30,190,106,84
±≥πÊµø,31 - 31,185,102,83
±≥πÊµø,32 - 32,199,110,89
±≥πÊµø,33 - 33,175,83,92
±≥πÊµø,34 - 34,175,94,81
±≥πÊµø,35 - 35,205,116,89
±≥πÊµø,36 - 36,194,109,85
±≥πÊµø,37 - 37,193,97,96
±≥πÊµø,38 - 38,222,107,115
±≥πÊµø,39 - 39,259,135,124
±≥πÊµø,40 - 40,271,139,132
±≥πÊµø,41 - 41,283,151,132
±≥πÊµø,42 - 42,273,138,135
±≥πÊµø,43 - 43,231,128,103
±≥πÊµø,44 - 44,214,113,101
±≥πÊµø,45 - 45,218,119,99
±≥πÊµø,46 - 46,264,140,124
±≥πÊµø,47 - 47,236,134,102
±≥πÊµø,48 - 48,226,109,117
±≥πÊµø,49 - 49,234,118,116
±≥πÊµø,50 - 50,232,120,112
±≥πÊµø,51 - 51,254,138,116
±≥πÊµø,52 - 52,264,133,131
±≥πÊµø,53 - 53,259,132,127
±≥πÊµø,54 - 54,253,139,114
±≥πÊµø,55 - 55,235,120,115
±≥πÊµø,56 - 56,261,128,133
±≥πÊµø,57 - 57,219,99,120
±≥πÊµø,58 - 58,260,129,131
±≥πÊµø,59 - 59,261,122,139
±≥πÊµø,60 - 60,303,141,162
±≥πÊµø,61 - 61,310,143,167
±≥πÊµø,62 - 62,309,143,166
±≥πÊµø,63 - 63,294,144,150
±≥πÊµø,64 - 64,319,138,181
±≥πÊµø,65 - 65,275,130,145
±≥πÊµø,66 - 66,309,158,151
±≥πÊµø,67 - 67,202,96,106
±≥πÊµø,68 - 68,241,113,128
±≥πÊµø,69 - 69,222,106,116
±≥πÊµø,70 - 70,166,70,96
±≥πÊµø,71 - 71,215,93,122
±≥πÊµø,72 - 72,228,100,128
±≥πÊµø,73 - 73,194,87,107
±≥πÊµø,74 - 74,150,62,88
±≥πÊµø,75 - 75,121,43,78
±≥πÊµø,76 - 76,156,72,84
±≥πÊµø,77 - 77,128,49,79
±≥πÊµø,78 - 78,95,35,60
±≥πÊµø,79 - 79,142,70,72
±≥πÊµø,80 - 80,98,38,60
±≥πÊµø,81 - 81,103,39,64
±≥πÊµø,82 - 82,76,29,47
±≥πÊµø,83 - 83,74,30,44
±≥πÊµø,84 - 84,59,18,41
±≥πÊµø,85 - 85,50,16,34
±≥πÊµø,86 - 86,46,13,33
±≥πÊµø,87 - 87,37,9,28
±≥πÊµø,88 - 88,33,10,23
±≥πÊµø,89 - 89,26,6,20
±≥πÊµø,90 - 90,20,2,18
±≥πÊµø,91 - 91,20,8,12
±≥πÊµø,92 - 92,23,4,19
±≥πÊµø,93 - 93,9,2,7
±≥πÊµø,94 - 94,7,0,7
±≥πÊµø,95 - 95,2,2,0
±≥πÊµø,96 - 96,1,0,1
±≥πÊµø,97 - 97,2,0,2
±≥πÊµø,98 - 98,3,0,3
±≥πÊµø,102 - 102,1,1,0
±≥πÊµø,103 - 103,1,1,0
±≥πÊµø,104 - 104,1,1,0
±≥πÊµø,106 - 106,1,0,1
ø¿µøµø,0 - 0,65,31,34
ø¿µøµø,1 - 1,63,29,34
ø¿µøµø,2 - 2,82,36,46
ø¿µøµø,3 - 3,80,39,41
ø¿µøµø,4 - 4,94,59,35
ø¿µøµø,5 - 5,113,61,52
ø¿µøµø,6 - 6,98,43,55
ø¿µøµø,7 - 7,137,76,61
ø¿µøµø,8 - 8,114,53,61
ø¿µøµø,9 - 9,143,75,68
ø¿µøµø,10 - 10,142,70,72
ø¿µøµø,11 - 11,117,69,48
ø¿µøµø,12 - 12,118,57,61
ø¿µøµø,13 - 13,106,53,53
ø¿µøµø,14 - 14,109,64,45
ø¿µøµø,15 - 15,100,53,47
ø¿µøµø,16 - 16,98,55,43
ø¿µøµø,17 - 17,116,63,53
ø¿µøµø,18 - 18,129,80,49
ø¿µøµø,19 - 19,113,57,56
ø¿µøµø,20 - 20,140,81,59
ø¿µøµø,21 - 21,169,95,74
ø¿µøµø,22 - 22,172,88,84
ø¿µøµø,23 - 23,186,102,84
ø¿µøµø,24 - 24,202,122,80
ø¿µøµø,25 - 25,199,100,99
ø¿µøµø,26 - 26,226,103,123
ø¿µøµø,27 - 27,212,120,92
ø¿µøµø,28 - 28,236,114,122
ø¿µøµø,29 - 29,221,103,118
ø¿µøµø,30 - 30,196,124,72
ø¿µøµø,31 - 31,182,96,86
ø¿µøµø,32 - 32,185,104,81
ø¿µøµø,33 - 33,195,101,94
ø¿µøµø,34 - 34,199,112,87
ø¿µøµø,35 - 35,207,118,89
ø¿µøµø,36 - 36,226,114,112
ø¿µøµø,37 - 37,243,127,116
ø¿µøµø,38 - 38,280,142,138
ø¿µøµø,39 - 39,317,168,149
ø¿µøµø,40 - 40,311,173,138
ø¿µøµø,41 - 41,314,182,132
ø¿µøµø,42 - 42,272,145,127
ø¿µøµø,43 - 43,289,163,126
ø¿µøµø,44 - 44,253,138,115
ø¿µøµø,45 - 45,285,150,135
ø¿µøµø,46 - 46,277,150,127
ø¿µøµø,47 - 47,310,161,149
ø¿µøµø,48 - 48,340,190,150
ø¿µøµø,49 - 49,307,174,133
ø¿µøµø,50 - 50,356,187,169
ø¿µøµø,51 - 51,325,187,138
ø¿µøµø,52 - 52,345,187,158
ø¿µøµø,53 - 53,310,152,158
ø¿µøµø,54 - 54,281,138,143
ø¿µøµø,55 - 55,291,151,140
ø¿µøµø,56 - 56,309,134,175
ø¿µøµø,57 - 57,258,133,125
ø¿µøµø,58 - 58,371,190,181
ø¿µøµø,59 - 59,381,177,204
ø¿µøµø,60 - 60,407,190,217
ø¿µøµø,61 - 61,412,191,221
ø¿µøµø,62 - 62,423,200,223
ø¿µøµø,63 - 63,393,182,211
ø¿µøµø,64 - 64,407,177,230
ø¿µøµø,65 - 65,397,176,221
ø¿µøµø,66 - 66,396,194,202
ø¿µøµø,67 - 67,303,140,163
ø¿µøµø,68 - 68,271,137,134
ø¿µøµø,69 - 69,331,137,194
ø¿µøµø,70 - 70,216,101,115
ø¿µøµø,71 - 71,270,119,151
ø¿µøµø,72 - 72,278,134,144
ø¿µøµø,73 - 73,238,106,132
ø¿µøµø,74 - 74,214,89,125
ø¿µøµø,75 - 75,154,67,87
ø¿µøµø,76 - 76,191,85,106
ø¿µøµø,77 - 77,189,76,113
ø¿µøµø,78 - 78,189,79,110
ø¿µøµø,79 - 79,185,61,124
ø¿µøµø,80 - 80,185,78,107
ø¿µøµø,81 - 81,150,58,92
ø¿µøµø,82 - 82,114,42,72
ø¿µøµø,83 - 83,98,33,65
ø¿µøµø,84 - 84,99,35,64
ø¿µøµø,85 - 85,86,24,62
ø¿µøµø,86 - 86,55,18,37
ø¿µøµø,87 - 87,73,27,46
ø¿µøµø,88 - 88,44,12,32
ø¿µøµø,89 - 89,42,15,27
ø¿µøµø,90 - 90,41,11,30
ø¿µøµø,91 - 91,31,4,27
ø¿µøµø,92 - 92,16,7,9
ø¿µøµø,93 - 93,10,3,7
ø¿µøµø,94 - 94,10,2,8
ø¿µøµø,95 - 95,8,2,6
ø¿µøµø,96 - 96,7,0,7
ø¿µøµø,97 - 97,5,0,5
ø¿µøµø,98 - 98,1,0,1
ø¿µøµø,99 - 99,1,0,1
ø¿µøµø,101 - 101,1,0,1
ø¿µøµø,107 - 107,1,0,1
«’∆˜µø,0 - 0,35,14,21
«’∆˜µø,1 - 1,36,19,17
«’∆˜µø,2 - 2,35,24,11
«’∆˜µø,3 - 3,41,17,24
«’∆˜µø,4 - 4,32,15,17
«’∆˜µø,5 - 5,42,16,26
«’∆˜µø,6 - 6,36,20,16
«’∆˜µø,7 - 7,36,21,15
«’∆˜µø,8 - 8,49,26,23
«’∆˜µø,9 - 9,49,25,24
«’∆˜µø,10 - 10,49,31,18
«’∆˜µø,11 - 11,43,23,20
«’∆˜µø,12 - 12,43,23,20
«’∆˜µø,13 - 13,39,23,16
«’∆˜µø,14 - 14,40,20,20
«’∆˜µø,15 - 15,39,19,20
«’∆˜µø,16 - 16,35,25,10
«’∆˜µø,17 - 17,43,19,24
«’∆˜µø,18 - 18,52,28,24
«’∆˜µø,19 - 19,42,23,19
«’∆˜µø,20 - 20,45,26,19
«’∆˜µø,21 - 21,65,38,27
«’∆˜µø,22 - 22,47,23,24
«’∆˜µø,23 - 23,70,34,36
«’∆˜µø,24 - 24,72,45,27
«’∆˜µø,25 - 25,82,48,34
«’∆˜µø,26 - 26,60,36,24
«’∆˜µø,27 - 27,78,37,41
«’∆˜µø,28 - 28,79,50,29
«’∆˜µø,29 - 29,76,45,31
«’∆˜µø,30 - 30,72,38,34
«’∆˜µø,31 - 31,77,44,33
«’∆˜µø,32 - 32,75,44,31
«’∆˜µø,33 - 33,78,45,33
«’∆˜µø,34 - 34,75,42,33
«’∆˜µø,35 - 35,90,49,41
«’∆˜µø,36 - 36,79,43,36
«’∆˜µø,37 - 37,91,56,35
«’∆˜µø,38 - 38,120,70,50
«’∆˜µø,39 - 39,93,61,32
«’∆˜µø,40 - 40,99,58,41
«’∆˜µø,41 - 41,105,59,46
«’∆˜µø,42 - 42,106,67,39
«’∆˜µø,43 - 43,91,54,37
«’∆˜µø,44 - 44,106,61,45
«’∆˜µø,45 - 45,80,40,40
«’∆˜µø,46 - 46,110,58,52
«’∆˜µø,47 - 47,104,63,41
«’∆˜µø,48 - 48,115,66,49
«’∆˜µø,49 - 49,129,65,64
«’∆˜µø,50 - 50,112,58,54
«’∆˜µø,51 - 51,113,60,53
«’∆˜µø,52 - 52,126,68,58
«’∆˜µø,53 - 53,125,63,62
«’∆˜µø,54 - 54,112,58,54
«’∆˜µø,55 - 55,129,78,51
«’∆˜µø,56 - 56,125,58,67
«’∆˜µø,57 - 57,108,59,49
«’∆˜µø,58 - 58,112,52,60
«’∆˜µø,59 - 59,135,62,73
«’∆˜µø,60 - 60,157,72,85
«’∆˜µø,61 - 61,180,95,85
«’∆˜µø,62 - 62,166,78,88
«’∆˜µø,63 - 63,150,65,85
«’∆˜µø,64 - 64,143,54,89
«’∆˜µø,65 - 65,150,73,77
«’∆˜µø,66 - 66,153,81,72
«’∆˜µø,67 - 67,121,58,63
«’∆˜µø,68 - 68,112,46,66
«’∆˜µø,69 - 69,106,48,58
«’∆˜µø,70 - 70,90,40,50
«’∆˜µø,71 - 71,77,38,39
«’∆˜µø,72 - 72,92,38,54
«’∆˜µø,73 - 73,99,45,54
«’∆˜µø,74 - 74,91,39,52
«’∆˜µø,75 - 75,56,26,30
«’∆˜µø,76 - 76,66,33,33
«’∆˜µø,77 - 77,65,23,42
«’∆˜µø,78 - 78,73,23,50
«’∆˜µø,79 - 79,65,27,38
«’∆˜µø,80 - 80,62,28,34
«’∆˜µø,81 - 81,66,27,39
«’∆˜µø,82 - 82,59,25,34
«’∆˜µø,83 - 83,36,7,29
«’∆˜µø,84 - 84,45,20,25
«’∆˜µø,85 - 85,28,8,20
«’∆˜µø,86 - 86,33,10,23
«’∆˜µø,87 - 87,21,9,12
«’∆˜µø,88 - 88,20,4,16
«’∆˜µø,89 - 89,16,3,13
«’∆˜µø,90 - 90,14,2,12
«’∆˜µø,91 - 91,8,2,6
«’∆˜µø,92 - 92,10,5,5
«’∆˜µø,93 - 93,6,3,3
«’∆˜µø,94 - 94,6,0,6
«’∆˜µø,95 - 95,3,1,2
«’∆˜µø,96 - 96,1,0,1
«’∆˜µø,97 - 97,1,0,1
«’∆˜µø,100 - 100,1,0,1
«’∆˜µø,102 - 102,1,0,1
ªÍ»£µø,0 - 0,56,23,33
ªÍ»£µø,1 - 1,47,23,24
ªÍ»£µø,2 - 2,58,29,29
ªÍ»£µø,3 - 3,54,31,23
ªÍ»£µø,4 - 4,71,38,33
ªÍ»£µø,5 - 5,63,30,33
ªÍ»£µø,6 - 6,94,41,53
ªÍ»£µø,7 - 7,75,46,29
ªÍ»£µø,8 - 8,92,52,40
ªÍ»£µø,9 - 9,89,46,43
ªÍ»£µø,10 - 10,103,48,55
ªÍ»£µø,11 - 11,80,36,44
ªÍ»£µø,12 - 12,85,45,40
ªÍ»£µø,13 - 13,96,55,41
ªÍ»£µø,14 - 14,100,37,63
ªÍ»£µø,15 - 15,93,46,47
ªÍ»£µø,16 - 16,86,48,38
ªÍ»£µø,17 - 17,95,43,52
ªÍ»£µø,18 - 18,102,48,54
ªÍ»£µø,19 - 19,98,49,49
ªÍ»£µø,20 - 20,113,54,59
ªÍ»£µø,21 - 21,116,59,57
ªÍ»£µø,22 - 22,119,66,53
ªÍ»£µø,23 - 23,132,73,59
ªÍ»£µø,24 - 24,142,72,70
ªÍ»£µø,25 - 25,146,79,67
ªÍ»£µø,26 - 26,139,78,61
ªÍ»£µø,27 - 27,164,91,73
ªÍ»£µø,28 - 28,122,77,45
ªÍ»£µø,29 - 29,153,83,70
ªÍ»£µø,30 - 30,159,76,83
ªÍ»£µø,31 - 31,143,82,61
ªÍ»£µø,32 - 32,128,75,53
ªÍ»£µø,33 - 33,130,69,61
ªÍ»£µø,34 - 34,122,61,61
ªÍ»£µø,35 - 35,131,74,57
ªÍ»£µø,36 - 36,131,71,60
ªÍ»£µø,37 - 37,143,74,69
ªÍ»£µø,38 - 38,173,101,72
ªÍ»£µø,39 - 39,181,96,85
ªÍ»£µø,40 - 40,197,110,87
ªÍ»£µø,41 - 41,197,106,91
ªÍ»£µø,42 - 42,167,83,84
ªÍ»£µø,43 - 43,166,72,94
ªÍ»£µø,44 - 44,184,109,75
ªÍ»£µø,45 - 45,159,82,77
ªÍ»£µø,46 - 46,162,85,77
ªÍ»£µø,47 - 47,183,102,81
ªÍ»£µø,48 - 48,215,121,94
ªÍ»£µø,49 - 49,188,106,82
ªÍ»£µø,50 - 50,236,125,111
ªÍ»£µø,51 - 51,212,117,95
ªÍ»£µø,52 - 52,203,98,105
ªÍ»£µø,53 - 53,217,108,109
ªÍ»£µø,54 - 54,199,97,102
ªÍ»£µø,55 - 55,202,106,96
ªÍ»£µø,56 - 56,222,105,117
ªÍ»£µø,57 - 57,163,70,93
ªÍ»£µø,58 - 58,226,118,108
ªÍ»£µø,59 - 59,188,101,87
ªÍ»£µø,60 - 60,272,114,158
ªÍ»£µø,61 - 61,254,122,132
ªÍ»£µø,62 - 62,269,125,144
ªÍ»£µø,63 - 63,229,96,133
ªÍ»£µø,64 - 64,259,121,138
ªÍ»£µø,65 - 65,219,88,131
ªÍ»£µø,66 - 66,240,98,142
ªÍ»£µø,67 - 67,195,88,107
ªÍ»£µø,68 - 68,178,95,83
ªÍ»£µø,69 - 69,172,86,86
ªÍ»£µø,70 - 70,155,71,84
ªÍ»£µø,71 - 71,134,56,78
ªÍ»£µø,72 - 72,164,82,82
ªÍ»£µø,73 - 73,149,63,86
ªÍ»£µø,74 - 74,128,55,73
ªÍ»£µø,75 - 75,94,40,54
ªÍ»£µø,76 - 76,107,41,66
ªÍ»£µø,77 - 77,105,39,66
ªÍ»£µø,78 - 78,110,49,61
ªÍ»£µø,79 - 79,91,43,48
ªÍ»£µø,80 - 80,76,34,42
ªÍ»£µø,81 - 81,75,36,39
ªÍ»£µø,82 - 82,63,23,40
ªÍ»£µø,83 - 83,38,11,27
ªÍ»£µø,84 - 84,42,17,25
ªÍ»£µø,85 - 85,39,14,25
ªÍ»£µø,86 - 86,34,13,21
ªÍ»£µø,87 - 87,28,12,16
ªÍ»£µø,88 - 88,19,4,15
ªÍ»£µø,89 - 89,8,3,5
ªÍ»£µø,90 - 90,23,6,17
ªÍ»£µø,91 - 91,13,4,9
ªÍ»£µø,92 - 92,8,2,6
ªÍ»£µø,93 - 93,10,2,8
ªÍ»£µø,94 - 94,5,1,4
ªÍ»£µø,95 - 95,1,0,1
ªÍ»£µø,96 - 96,3,0,3
ªÍ»£µø,97 - 97,1,0,1
ªÍ»£µø,98 - 98,1,0,1
ªÍ»£µø,104 - 104,1,0,1
≥ªº≠¿æ,0 - 0,216,105,111
≥ªº≠¿æ,1 - 1,242,116,126
≥ªº≠¿æ,2 - 2,319,161,158
≥ªº≠¿æ,3 - 3,391,196,195
≥ªº≠¿æ,4 - 4,427,223,204
≥ªº≠¿æ,5 - 5,516,257,259
≥ªº≠¿æ,6 - 6,594,314,280
≥ªº≠¿æ,7 - 7,645,348,297
≥ªº≠¿æ,8 - 8,656,336,320
≥ªº≠¿æ,9 - 9,733,371,362
≥ªº≠¿æ,10 - 10,730,402,328
≥ªº≠¿æ,11 - 11,750,387,363
≥ªº≠¿æ,12 - 12,715,386,329
≥ªº≠¿æ,13 - 13,835,408,427
≥ªº≠¿æ,14 - 14,806,432,374
≥ªº≠¿æ,15 - 15,798,430,368
≥ªº≠¿æ,16 - 16,747,366,381
≥ªº≠¿æ,17 - 17,823,427,396
≥ªº≠¿æ,18 - 18,870,472,398
≥ªº≠¿æ,19 - 19,826,433,393
≥ªº≠¿æ,20 - 20,960,539,421
≥ªº≠¿æ,21 - 21,996,550,446
≥ªº≠¿æ,22 - 22,897,507,390
≥ªº≠¿æ,23 - 23,822,454,368
≥ªº≠¿æ,24 - 24,840,471,369
≥ªº≠¿æ,25 - 25,780,464,316
≥ªº≠¿æ,26 - 26,737,404,333
≥ªº≠¿æ,27 - 27,695,362,333
≥ªº≠¿æ,28 - 28,663,376,287
≥ªº≠¿æ,29 - 29,663,363,300
≥ªº≠¿æ,30 - 30,541,278,263
≥ªº≠¿æ,31 - 31,616,333,283
≥ªº≠¿æ,32 - 32,541,290,251
≥ªº≠¿æ,33 - 33,553,268,285
≥ªº≠¿æ,34 - 34,491,268,223
≥ªº≠¿æ,35 - 35,566,276,290
≥ªº≠¿æ,36 - 36,575,285,290
≥ªº≠¿æ,37 - 37,674,322,352
≥ªº≠¿æ,38 - 38,829,416,413
≥ªº≠¿æ,39 - 39,905,438,467
≥ªº≠¿æ,40 - 40,"1,009",506,503
≥ªº≠¿æ,41 - 41,"1,071",528,543
≥ªº≠¿æ,42 - 42,999,452,547
≥ªº≠¿æ,43 - 43,"1,029",473,556
≥ªº≠¿æ,44 - 44,"1,052",509,543
≥ªº≠¿æ,45 - 45,"1,032",516,516
≥ªº≠¿æ,46 - 46,"1,178",559,619
≥ªº≠¿æ,47 - 47,"1,299",618,681
≥ªº≠¿æ,48 - 48,"1,307",653,654
≥ªº≠¿æ,49 - 49,"1,236",578,658
≥ªº≠¿æ,50 - 50,"1,430",689,741
≥ªº≠¿æ,51 - 51,"1,343",652,691
≥ªº≠¿æ,52 - 52,"1,453",757,696
≥ªº≠¿æ,53 - 53,"1,362",680,682
≥ªº≠¿æ,54 - 54,"1,225",625,600
≥ªº≠¿æ,55 - 55,"1,210",631,579
≥ªº≠¿æ,56 - 56,"1,140",553,587
≥ªº≠¿æ,57 - 57,992,491,501
≥ªº≠¿æ,58 - 58,"1,168",602,566
≥ªº≠¿æ,59 - 59,"1,108",599,509
≥ªº≠¿æ,60 - 60,"1,220",666,554
≥ªº≠¿æ,61 - 61,"1,091",554,537
≥ªº≠¿æ,62 - 62,930,487,443
≥ªº≠¿æ,63 - 63,813,409,404
≥ªº≠¿æ,64 - 64,822,409,413
≥ªº≠¿æ,65 - 65,749,369,380
≥ªº≠¿æ,66 - 66,743,379,364
≥ªº≠¿æ,67 - 67,604,296,308
≥ªº≠¿æ,68 - 68,530,258,272
≥ªº≠¿æ,69 - 69,566,281,285
≥ªº≠¿æ,70 - 70,420,200,220
≥ªº≠¿æ,71 - 71,464,210,254
≥ªº≠¿æ,72 - 72,434,209,225
≥ªº≠¿æ,73 - 73,445,205,240
≥ªº≠¿æ,74 - 74,341,165,176
≥ªº≠¿æ,75 - 75,235,113,122
≥ªº≠¿æ,76 - 76,306,127,179
≥ªº≠¿æ,77 - 77,263,121,142
≥ªº≠¿æ,78 - 78,294,115,179
≥ªº≠¿æ,79 - 79,274,107,167
≥ªº≠¿æ,80 - 80,242,83,159
≥ªº≠¿æ,81 - 81,233,86,147
≥ªº≠¿æ,82 - 82,216,77,139
≥ªº≠¿æ,83 - 83,167,55,112
≥ªº≠¿æ,84 - 84,154,53,101
≥ªº≠¿æ,85 - 85,156,44,112
≥ªº≠¿æ,86 - 86,95,22,73
≥ªº≠¿æ,87 - 87,92,26,66
≥ªº≠¿æ,88 - 88,82,19,63
≥ªº≠¿æ,89 - 89,65,14,51
≥ªº≠¿æ,90 - 90,28,5,23
≥ªº≠¿æ,91 - 91,23,1,22
≥ªº≠¿æ,92 - 92,28,3,25
≥ªº≠¿æ,93 - 93,24,4,20
≥ªº≠¿æ,94 - 94,13,2,11
≥ªº≠¿æ,95 - 95,12,1,11
≥ªº≠¿æ,96 - 96,7,0,7
≥ªº≠¿æ,97 - 97,1,1,0
≥ªº≠¿æ,98 - 98,7,0,7
≥ªº≠¿æ,100 - 100,1,1,0
≥ªº≠¿æ,101 - 101,1,0,1
≥ªº≠¿æ,102 - 102,1,0,1
»∏ø¯1µø,0 - 0,18,10,8
»∏ø¯1µø,1 - 1,14,9,5
»∏ø¯1µø,2 - 2,17,12,5
»∏ø¯1µø,3 - 3,32,13,19
»∏ø¯1µø,4 - 4,30,16,14
»∏ø¯1µø,5 - 5,35,19,16
»∏ø¯1µø,6 - 6,48,25,23
»∏ø¯1µø,7 - 7,50,30,20
»∏ø¯1µø,8 - 8,54,22,32
»∏ø¯1µø,9 - 9,65,41,24
»∏ø¯1µø,10 - 10,66,38,28
»∏ø¯1µø,11 - 11,52,27,25
»∏ø¯1µø,12 - 12,72,40,32
»∏ø¯1µø,13 - 13,60,31,29
»∏ø¯1µø,14 - 14,60,30,30
»∏ø¯1µø,15 - 15,55,31,24
»∏ø¯1µø,16 - 16,54,27,27
»∏ø¯1µø,17 - 17,68,31,37
»∏ø¯1µø,18 - 18,56,26,30
»∏ø¯1µø,19 - 19,61,37,24
»∏ø¯1µø,20 - 20,78,37,41
»∏ø¯1µø,21 - 21,96,51,45
»∏ø¯1µø,22 - 22,87,55,32
»∏ø¯1µø,23 - 23,67,35,32
»∏ø¯1µø,24 - 24,85,44,41
»∏ø¯1µø,25 - 25,105,59,46
»∏ø¯1µø,26 - 26,93,55,38
»∏ø¯1µø,27 - 27,99,62,37
»∏ø¯1µø,28 - 28,89,58,31
»∏ø¯1µø,29 - 29,109,65,44
»∏ø¯1µø,30 - 30,84,55,29
»∏ø¯1µø,31 - 31,73,43,30
»∏ø¯1µø,32 - 32,74,46,28
»∏ø¯1µø,33 - 33,69,40,29
»∏ø¯1µø,34 - 34,91,56,35
»∏ø¯1µø,35 - 35,67,39,28
»∏ø¯1µø,36 - 36,74,40,34
»∏ø¯1µø,37 - 37,104,57,47
»∏ø¯1µø,38 - 38,110,70,40
»∏ø¯1µø,39 - 39,131,77,54
»∏ø¯1µø,40 - 40,123,72,51
»∏ø¯1µø,41 - 41,147,85,62
»∏ø¯1µø,42 - 42,127,68,59
»∏ø¯1µø,43 - 43,128,64,64
»∏ø¯1µø,44 - 44,125,71,54
»∏ø¯1µø,45 - 45,115,65,50
»∏ø¯1µø,46 - 46,136,79,57
»∏ø¯1µø,47 - 47,144,72,72
»∏ø¯1µø,48 - 48,156,89,67
»∏ø¯1µø,49 - 49,151,85,66
»∏ø¯1µø,50 - 50,160,88,72
»∏ø¯1µø,51 - 51,171,95,76
»∏ø¯1µø,52 - 52,174,95,79
»∏ø¯1µø,53 - 53,163,74,89
»∏ø¯1µø,54 - 54,153,77,76
»∏ø¯1µø,55 - 55,156,83,73
»∏ø¯1µø,56 - 56,166,78,88
»∏ø¯1µø,57 - 57,156,79,77
»∏ø¯1µø,58 - 58,202,107,95
»∏ø¯1µø,59 - 59,212,89,123
»∏ø¯1µø,60 - 60,259,123,136
»∏ø¯1µø,61 - 61,244,109,135
»∏ø¯1µø,62 - 62,256,113,143
»∏ø¯1µø,63 - 63,227,102,125
»∏ø¯1µø,64 - 64,257,112,145
»∏ø¯1µø,65 - 65,210,81,129
»∏ø¯1µø,66 - 66,276,126,150
»∏ø¯1µø,67 - 67,191,91,100
»∏ø¯1µø,68 - 68,204,99,105
»∏ø¯1µø,69 - 69,183,80,103
»∏ø¯1µø,70 - 70,163,68,95
»∏ø¯1µø,71 - 71,162,72,90
»∏ø¯1µø,72 - 72,161,72,89
»∏ø¯1µø,73 - 73,192,85,107
»∏ø¯1µø,74 - 74,163,72,91
»∏ø¯1µø,75 - 75,107,42,65
»∏ø¯1µø,76 - 76,136,63,73
»∏ø¯1µø,77 - 77,122,42,80
»∏ø¯1µø,78 - 78,121,52,69
»∏ø¯1µø,79 - 79,122,55,67
»∏ø¯1µø,80 - 80,99,42,57
»∏ø¯1µø,81 - 81,95,38,57
»∏ø¯1µø,82 - 82,107,49,58
»∏ø¯1µø,83 - 83,73,29,44
»∏ø¯1µø,84 - 84,62,22,40
»∏ø¯1µø,85 - 85,57,20,37
»∏ø¯1µø,86 - 86,35,11,24
»∏ø¯1µø,87 - 87,30,10,20
»∏ø¯1µø,88 - 88,28,7,21
»∏ø¯1µø,89 - 89,25,11,14
»∏ø¯1µø,90 - 90,20,3,17
»∏ø¯1µø,91 - 91,11,0,11
»∏ø¯1µø,92 - 92,11,2,9
»∏ø¯1µø,93 - 93,6,1,5
»∏ø¯1µø,94 - 94,8,2,6
»∏ø¯1µø,95 - 95,3,1,2
»∏ø¯1µø,96 - 96,3,2,1
»∏ø¯1µø,97 - 97,2,0,2
»∏ø¯1µø,98 - 98,1,0,1
»∏ø¯1µø,100 - 100,1,0,1
»∏ø¯1µø,104 - 104,1,0,1
»∏ø¯1µø,107 - 107,1,0,1
»∏ø¯1µø,113 - 113,1,0,1
»∏ø¯1µø,115 - 115,1,0,1
»∏ø¯1µø,121 - 121,1,0,1
»∏ø¯1µø,123 - 123,1,0,1
»∏ø¯2µø,0 - 0,50,27,23
»∏ø¯2µø,1 - 1,62,25,37
»∏ø¯2µø,2 - 2,67,33,34
»∏ø¯2µø,3 - 3,55,31,24
»∏ø¯2µø,4 - 4,63,33,30
»∏ø¯2µø,5 - 5,66,37,29
»∏ø¯2µø,6 - 6,80,39,41
»∏ø¯2µø,7 - 7,63,33,30
»∏ø¯2µø,8 - 8,70,36,34
»∏ø¯2µø,9 - 9,72,46,26
»∏ø¯2µø,10 - 10,72,38,34
»∏ø¯2µø,11 - 11,72,42,30
»∏ø¯2µø,12 - 12,72,32,40
»∏ø¯2µø,13 - 13,85,43,42
»∏ø¯2µø,14 - 14,67,41,26
»∏ø¯2µø,15 - 15,82,39,43
»∏ø¯2µø,16 - 16,73,33,40
»∏ø¯2µø,17 - 17,60,30,30
»∏ø¯2µø,18 - 18,87,55,32
»∏ø¯2µø,19 - 19,107,56,51
»∏ø¯2µø,20 - 20,81,39,42
»∏ø¯2µø,21 - 21,106,55,51
»∏ø¯2µø,22 - 22,106,55,51
»∏ø¯2µø,23 - 23,106,46,60
»∏ø¯2µø,24 - 24,97,62,35
»∏ø¯2µø,25 - 25,105,51,54
»∏ø¯2µø,26 - 26,128,59,69
»∏ø¯2µø,27 - 27,108,59,49
»∏ø¯2µø,28 - 28,132,62,70
»∏ø¯2µø,29 - 29,140,85,55
»∏ø¯2µø,30 - 30,152,75,77
»∏ø¯2µø,31 - 31,145,77,68
»∏ø¯2µø,32 - 32,120,61,59
»∏ø¯2µø,33 - 33,131,68,63
»∏ø¯2µø,34 - 34,111,60,51
»∏ø¯2µø,35 - 35,124,68,56
»∏ø¯2µø,36 - 36,109,62,47
»∏ø¯2µø,37 - 37,135,78,57
»∏ø¯2µø,38 - 38,152,72,80
»∏ø¯2µø,39 - 39,150,73,77
»∏ø¯2µø,40 - 40,155,78,77
»∏ø¯2µø,41 - 41,132,74,58
»∏ø¯2µø,42 - 42,132,68,64
»∏ø¯2µø,43 - 43,116,61,55
»∏ø¯2µø,44 - 44,117,66,51
»∏ø¯2µø,45 - 45,117,63,54
»∏ø¯2µø,46 - 46,142,67,75
»∏ø¯2µø,47 - 47,150,90,60
»∏ø¯2µø,48 - 48,149,78,71
»∏ø¯2µø,49 - 49,151,83,68
»∏ø¯2µø,50 - 50,171,88,83
»∏ø¯2µø,51 - 51,153,75,78
»∏ø¯2µø,52 - 52,159,71,88
»∏ø¯2µø,53 - 53,141,67,74
»∏ø¯2µø,54 - 54,152,72,80
»∏ø¯2µø,55 - 55,159,80,79
»∏ø¯2µø,56 - 56,135,66,69
»∏ø¯2µø,57 - 57,152,79,73
»∏ø¯2µø,58 - 58,203,101,102
»∏ø¯2µø,59 - 59,171,74,97
»∏ø¯2µø,60 - 60,212,98,114
»∏ø¯2µø,61 - 61,218,98,120
»∏ø¯2µø,62 - 62,180,85,95
»∏ø¯2µø,63 - 63,197,95,102
»∏ø¯2µø,64 - 64,209,98,111
»∏ø¯2µø,65 - 65,194,97,97
»∏ø¯2µø,66 - 66,216,110,106
»∏ø¯2µø,67 - 67,121,54,67
»∏ø¯2µø,68 - 68,145,70,75
»∏ø¯2µø,69 - 69,143,70,73
»∏ø¯2µø,70 - 70,124,54,70
»∏ø¯2µø,71 - 71,133,52,81
»∏ø¯2µø,72 - 72,140,55,85
»∏ø¯2µø,73 - 73,111,46,65
»∏ø¯2µø,74 - 74,102,45,57
»∏ø¯2µø,75 - 75,71,44,27
»∏ø¯2µø,76 - 76,84,42,42
»∏ø¯2µø,77 - 77,89,45,44
»∏ø¯2µø,78 - 78,77,33,44
»∏ø¯2µø,79 - 79,61,23,38
»∏ø¯2µø,80 - 80,60,25,35
»∏ø¯2µø,81 - 81,53,21,32
»∏ø¯2µø,82 - 82,47,14,33
»∏ø¯2µø,83 - 83,55,19,36
»∏ø¯2µø,84 - 84,36,13,23
»∏ø¯2µø,85 - 85,38,9,29
»∏ø¯2µø,86 - 86,29,6,23
»∏ø¯2µø,87 - 87,28,8,20
»∏ø¯2µø,88 - 88,11,2,9
»∏ø¯2µø,89 - 89,12,3,9
»∏ø¯2µø,90 - 90,22,2,20
»∏ø¯2µø,91 - 91,7,2,5
»∏ø¯2µø,92 - 92,12,4,8
»∏ø¯2µø,93 - 93,7,1,6
»∏ø¯2µø,94 - 94,1,1,0
»∏ø¯2µø,95 - 95,3,0,3
»∏ø¯2µø,96 - 96,1,1,0
»∏ø¯2µø,97 - 97,2,0,2
»∏ø¯2µø,98 - 98,1,0,1
ºÆ¿¸µø,0 - 0,112,48,64
ºÆ¿¸µø,1 - 1,100,64,36
ºÆ¿¸µø,2 - 2,86,48,38
ºÆ¿¸µø,3 - 3,102,45,57
ºÆ¿¸µø,4 - 4,128,69,59
ºÆ¿¸µø,5 - 5,107,51,56
ºÆ¿¸µø,6 - 6,119,58,61
ºÆ¿¸µø,7 - 7,109,60,49
ºÆ¿¸µø,8 - 8,122,64,58
ºÆ¿¸µø,9 - 9,123,59,64
ºÆ¿¸µø,10 - 10,124,65,59
ºÆ¿¸µø,11 - 11,115,67,48
ºÆ¿¸µø,12 - 12,117,58,59
ºÆ¿¸µø,13 - 13,124,61,63
ºÆ¿¸µø,14 - 14,134,78,56
ºÆ¿¸µø,15 - 15,116,61,55
ºÆ¿¸µø,16 - 16,119,56,63
ºÆ¿¸µø,17 - 17,133,60,73
ºÆ¿¸µø,18 - 18,132,71,61
ºÆ¿¸µø,19 - 19,125,70,55
ºÆ¿¸µø,20 - 20,148,86,62
ºÆ¿¸µø,21 - 21,141,80,61
ºÆ¿¸µø,22 - 22,149,73,76
ºÆ¿¸µø,23 - 23,141,86,55
ºÆ¿¸µø,24 - 24,193,117,76
ºÆ¿¸µø,25 - 25,188,102,86
ºÆ¿¸µø,26 - 26,170,89,81
ºÆ¿¸µø,27 - 27,198,95,103
ºÆ¿¸µø,28 - 28,238,111,127
ºÆ¿¸µø,29 - 29,216,113,103
ºÆ¿¸µø,30 - 30,203,106,97
ºÆ¿¸µø,31 - 31,224,121,103
ºÆ¿¸µø,32 - 32,211,112,99
ºÆ¿¸µø,33 - 33,204,116,88
ºÆ¿¸µø,34 - 34,207,95,112
ºÆ¿¸µø,35 - 35,247,142,105
ºÆ¿¸µø,36 - 36,223,127,96
ºÆ¿¸µø,37 - 37,247,140,107
ºÆ¿¸µø,38 - 38,243,132,111
ºÆ¿¸µø,39 - 39,269,139,130
ºÆ¿¸µø,40 - 40,268,170,98
ºÆ¿¸µø,41 - 41,228,124,104
ºÆ¿¸µø,42 - 42,225,131,94
ºÆ¿¸µø,43 - 43,218,99,119
ºÆ¿¸µø,44 - 44,220,113,107
ºÆ¿¸µø,45 - 45,199,109,90
ºÆ¿¸µø,46 - 46,224,119,105
ºÆ¿¸µø,47 - 47,263,136,127
ºÆ¿¸µø,48 - 48,258,148,110
ºÆ¿¸µø,49 - 49,256,143,113
ºÆ¿¸µø,50 - 50,261,127,134
ºÆ¿¸µø,51 - 51,300,167,133
ºÆ¿¸µø,52 - 52,305,151,154
ºÆ¿¸µø,53 - 53,261,110,151
ºÆ¿¸µø,54 - 54,267,132,135
ºÆ¿¸µø,55 - 55,290,148,142
ºÆ¿¸µø,56 - 56,247,126,121
ºÆ¿¸µø,57 - 57,259,127,132
ºÆ¿¸µø,58 - 58,343,159,184
ºÆ¿¸µø,59 - 59,294,140,154
ºÆ¿¸µø,60 - 60,383,184,199
ºÆ¿¸µø,61 - 61,376,175,201
ºÆ¿¸µø,62 - 62,302,126,176
ºÆ¿¸µø,63 - 63,315,153,162
ºÆ¿¸µø,64 - 64,295,133,162
ºÆ¿¸µø,65 - 65,316,150,166
ºÆ¿¸µø,66 - 66,332,147,185
ºÆ¿¸µø,67 - 67,248,117,131
ºÆ¿¸µø,68 - 68,261,122,139
ºÆ¿¸µø,69 - 69,267,122,145
ºÆ¿¸µø,70 - 70,210,91,119
ºÆ¿¸µø,71 - 71,208,85,123
ºÆ¿¸µø,72 - 72,231,108,123
ºÆ¿¸µø,73 - 73,222,102,120
ºÆ¿¸µø,74 - 74,183,74,109
ºÆ¿¸µø,75 - 75,121,61,60
ºÆ¿¸µø,76 - 76,145,74,71
ºÆ¿¸µø,77 - 77,142,65,77
ºÆ¿¸µø,78 - 78,124,49,75
ºÆ¿¸µø,79 - 79,107,45,62
ºÆ¿¸µø,80 - 80,111,44,67
ºÆ¿¸µø,81 - 81,104,43,61
ºÆ¿¸µø,82 - 82,83,28,55
ºÆ¿¸µø,83 - 83,68,26,42
ºÆ¿¸µø,84 - 84,50,22,28
ºÆ¿¸µø,85 - 85,41,15,26
ºÆ¿¸µø,86 - 86,44,15,29
ºÆ¿¸µø,87 - 87,27,13,14
ºÆ¿¸µø,88 - 88,33,10,23
ºÆ¿¸µø,89 - 89,22,5,17
ºÆ¿¸µø,90 - 90,19,2,17
ºÆ¿¸µø,91 - 91,6,1,5
ºÆ¿¸µø,92 - 92,9,2,7
ºÆ¿¸µø,93 - 93,5,2,3
ºÆ¿¸µø,94 - 94,4,0,4
ºÆ¿¸µø,95 - 95,6,2,4
ºÆ¿¸µø,96 - 96,3,2,1
ºÆ¿¸µø,97 - 97,2,0,2
ºÆ¿¸µø,98 - 98,1,0,1
ºÆ¿¸µø,99 - 99,1,1,0
ºÆ¿¸µø,100 - 100,1,0,1
»∏º∫µø,0 - 0,12,9,3
»∏º∫µø,1 - 1,5,1,4
»∏º∫µø,2 - 2,12,6,6
»∏º∫µø,3 - 3,16,11,5
»∏º∫µø,4 - 4,14,7,7
»∏º∫µø,5 - 5,14,7,7
»∏º∫µø,6 - 6,13,4,9
»∏º∫µø,7 - 7,16,8,8
»∏º∫µø,8 - 8,24,14,10
»∏º∫µø,9 - 9,24,12,12
»∏º∫µø,10 - 10,20,12,8
»∏º∫µø,11 - 11,22,12,10
»∏º∫µø,12 - 12,27,16,11
»∏º∫µø,13 - 13,32,18,14
»∏º∫µø,14 - 14,33,15,18
»∏º∫µø,15 - 15,31,16,15
»∏º∫µø,16 - 16,29,12,17
»∏º∫µø,17 - 17,39,22,17
»∏º∫µø,18 - 18,35,21,14
»∏º∫µø,19 - 19,47,24,23
»∏º∫µø,20 - 20,49,27,22
»∏º∫µø,21 - 21,47,28,19
»∏º∫µø,22 - 22,42,25,17
»∏º∫µø,23 - 23,52,26,26
»∏º∫µø,24 - 24,48,30,18
»∏º∫µø,25 - 25,61,38,23
»∏º∫µø,26 - 26,63,34,29
»∏º∫µø,27 - 27,58,34,24
»∏º∫µø,28 - 28,69,41,28
»∏º∫µø,29 - 29,50,34,16
»∏º∫µø,30 - 30,66,31,35
»∏º∫µø,31 - 31,65,43,22
»∏º∫µø,32 - 32,55,36,19
»∏º∫µø,33 - 33,55,31,24
»∏º∫µø,34 - 34,44,29,15
»∏º∫µø,35 - 35,37,19,18
»∏º∫µø,36 - 36,44,19,25
»∏º∫µø,37 - 37,43,31,12
»∏º∫µø,38 - 38,68,39,29
»∏º∫µø,39 - 39,52,30,22
»∏º∫µø,40 - 40,72,43,29
»∏º∫µø,41 - 41,67,38,29
»∏º∫µø,42 - 42,56,32,24
»∏º∫µø,43 - 43,72,40,32
»∏º∫µø,44 - 44,60,35,25
»∏º∫µø,45 - 45,62,38,24
»∏º∫µø,46 - 46,64,34,30
»∏º∫µø,47 - 47,75,47,28
»∏º∫µø,48 - 48,89,54,35
»∏º∫µø,49 - 49,86,45,41
»∏º∫µø,50 - 50,93,53,40
»∏º∫µø,51 - 51,99,56,43
»∏º∫µø,52 - 52,96,55,41
»∏º∫µø,53 - 53,85,34,51
»∏º∫µø,54 - 54,119,71,48
»∏º∫µø,55 - 55,127,74,53
»∏º∫µø,56 - 56,130,58,72
»∏º∫µø,57 - 57,94,44,50
»∏º∫µø,58 - 58,136,64,72
»∏º∫µø,59 - 59,142,66,76
»∏º∫µø,60 - 60,176,76,100
»∏º∫µø,61 - 61,187,85,102
»∏º∫µø,62 - 62,147,75,72
»∏º∫µø,63 - 63,156,81,75
»∏º∫µø,64 - 64,148,76,72
»∏º∫µø,65 - 65,159,75,84
»∏º∫µø,66 - 66,139,73,66
»∏º∫µø,67 - 67,126,62,64
»∏º∫µø,68 - 68,125,62,63
»∏º∫µø,69 - 69,121,63,58
»∏º∫µø,70 - 70,104,38,66
»∏º∫µø,71 - 71,94,38,56
»∏º∫µø,72 - 72,107,45,62
»∏º∫µø,73 - 73,99,44,55
»∏º∫µø,74 - 74,96,41,55
»∏º∫µø,75 - 75,62,31,31
»∏º∫µø,76 - 76,92,33,59
»∏º∫µø,77 - 77,72,35,37
»∏º∫µø,78 - 78,67,30,37
»∏º∫µø,79 - 79,58,21,37
»∏º∫µø,80 - 80,64,29,35
»∏º∫µø,81 - 81,52,29,23
»∏º∫µø,82 - 82,59,20,39
»∏º∫µø,83 - 83,38,13,25
»∏º∫µø,84 - 84,43,21,22
»∏º∫µø,85 - 85,44,17,27
»∏º∫µø,86 - 86,28,8,20
»∏º∫µø,87 - 87,27,6,21
»∏º∫µø,88 - 88,13,4,9
»∏º∫µø,89 - 89,16,5,11
»∏º∫µø,90 - 90,10,4,6
»∏º∫µø,91 - 91,5,3,2
»∏º∫µø,92 - 92,5,1,4
»∏º∫µø,93 - 93,5,3,2
»∏º∫µø,94 - 94,2,0,2
»∏º∫µø,95 - 95,4,1,3
»∏º∫µø,96 - 96,2,0,2
»∏º∫µø,97 - 97,1,0,1
»∏º∫µø,98 - 98,1,0,1
»∏º∫µø,99 - 99,1,1,0
»∏º∫µø,100 - 100,1,0,1
»∏º∫µø,104 - 104,2,0,2
»∏º∫µø,107 - 107,1,1,0
æÁ¥ˆ1µø,0 - 0,23,16,7
æÁ¥ˆ1µø,1 - 1,36,17,19
æÁ¥ˆ1µø,2 - 2,36,22,14
æÁ¥ˆ1µø,3 - 3,40,25,15
æÁ¥ˆ1µø,4 - 4,46,22,24
æÁ¥ˆ1µø,5 - 5,57,26,31
æÁ¥ˆ1µø,6 - 6,70,41,29
æÁ¥ˆ1µø,7 - 7,68,35,33
æÁ¥ˆ1µø,8 - 8,84,47,37
æÁ¥ˆ1µø,9 - 9,71,36,35
æÁ¥ˆ1µø,10 - 10,91,48,43
æÁ¥ˆ1µø,11 - 11,91,46,45
æÁ¥ˆ1µø,12 - 12,74,41,33
æÁ¥ˆ1µø,13 - 13,89,41,48
æÁ¥ˆ1µø,14 - 14,81,40,41
æÁ¥ˆ1µø,15 - 15,68,35,33
æÁ¥ˆ1µø,16 - 16,83,55,28
æÁ¥ˆ1µø,17 - 17,83,45,38
æÁ¥ˆ1µø,18 - 18,79,45,34
æÁ¥ˆ1µø,19 - 19,93,47,46
æÁ¥ˆ1µø,20 - 20,96,51,45
æÁ¥ˆ1µø,21 - 21,106,59,47
æÁ¥ˆ1µø,22 - 22,107,62,45
æÁ¥ˆ1µø,23 - 23,132,79,53
æÁ¥ˆ1µø,24 - 24,143,82,61
æÁ¥ˆ1µø,25 - 25,151,86,65
æÁ¥ˆ1µø,26 - 26,136,67,69
æÁ¥ˆ1µø,27 - 27,160,86,74
æÁ¥ˆ1µø,28 - 28,161,101,60
æÁ¥ˆ1µø,29 - 29,118,73,45
æÁ¥ˆ1µø,30 - 30,110,60,50
æÁ¥ˆ1µø,31 - 31,115,62,53
æÁ¥ˆ1µø,32 - 32,121,73,48
æÁ¥ˆ1µø,33 - 33,103,53,50
æÁ¥ˆ1µø,34 - 34,109,62,47
æÁ¥ˆ1µø,35 - 35,129,75,54
æÁ¥ˆ1µø,36 - 36,94,52,42
æÁ¥ˆ1µø,37 - 37,150,72,78
æÁ¥ˆ1µø,38 - 38,149,80,69
æÁ¥ˆ1µø,39 - 39,183,96,87
æÁ¥ˆ1µø,40 - 40,149,80,69
æÁ¥ˆ1µø,41 - 41,156,81,75
æÁ¥ˆ1µø,42 - 42,158,81,77
æÁ¥ˆ1µø,43 - 43,149,92,57
æÁ¥ˆ1µø,44 - 44,147,82,65
æÁ¥ˆ1µø,45 - 45,137,61,76
æÁ¥ˆ1µø,46 - 46,154,76,78
æÁ¥ˆ1µø,47 - 47,169,92,77
æÁ¥ˆ1µø,48 - 48,162,82,80
æÁ¥ˆ1µø,49 - 49,178,90,88
æÁ¥ˆ1µø,50 - 50,171,86,85
æÁ¥ˆ1µø,51 - 51,208,111,97
æÁ¥ˆ1µø,52 - 52,166,88,78
æÁ¥ˆ1µø,53 - 53,205,100,105
æÁ¥ˆ1µø,54 - 54,184,101,83
æÁ¥ˆ1µø,55 - 55,201,85,116
æÁ¥ˆ1µø,56 - 56,190,93,97
æÁ¥ˆ1µø,57 - 57,154,75,79
æÁ¥ˆ1µø,58 - 58,213,91,122
æÁ¥ˆ1µø,59 - 59,204,96,108
æÁ¥ˆ1µø,60 - 60,259,121,138
æÁ¥ˆ1µø,61 - 61,258,120,138
æÁ¥ˆ1µø,62 - 62,243,126,117
æÁ¥ˆ1µø,63 - 63,207,89,118
æÁ¥ˆ1µø,64 - 64,237,99,138
æÁ¥ˆ1µø,65 - 65,211,86,125
æÁ¥ˆ1µø,66 - 66,227,95,132
æÁ¥ˆ1µø,67 - 67,200,102,98
æÁ¥ˆ1µø,68 - 68,184,86,98
æÁ¥ˆ1µø,69 - 69,185,87,98
æÁ¥ˆ1µø,70 - 70,139,59,80
æÁ¥ˆ1µø,71 - 71,125,55,70
æÁ¥ˆ1µø,72 - 72,158,65,93
æÁ¥ˆ1µø,73 - 73,145,77,68
æÁ¥ˆ1µø,74 - 74,121,59,62
æÁ¥ˆ1µø,75 - 75,69,38,31
æÁ¥ˆ1µø,76 - 76,82,41,41
æÁ¥ˆ1µø,77 - 77,80,37,43
æÁ¥ˆ1µø,78 - 78,74,36,38
æÁ¥ˆ1µø,79 - 79,86,38,48
æÁ¥ˆ1µø,80 - 80,69,32,37
æÁ¥ˆ1µø,81 - 81,54,20,34
æÁ¥ˆ1µø,82 - 82,39,18,21
æÁ¥ˆ1µø,83 - 83,46,17,29
æÁ¥ˆ1µø,84 - 84,48,15,33
æÁ¥ˆ1µø,85 - 85,23,5,18
æÁ¥ˆ1µø,86 - 86,28,13,15
æÁ¥ˆ1µø,87 - 87,20,7,13
æÁ¥ˆ1µø,88 - 88,16,3,13
æÁ¥ˆ1µø,89 - 89,13,1,12
æÁ¥ˆ1µø,90 - 90,11,1,10
æÁ¥ˆ1µø,91 - 91,10,0,10
æÁ¥ˆ1µø,92 - 92,7,0,7
æÁ¥ˆ1µø,93 - 93,3,2,1
æÁ¥ˆ1µø,94 - 94,2,1,1
æÁ¥ˆ1µø,95 - 95,1,0,1
æÁ¥ˆ1µø,96 - 96,3,0,3
æÁ¥ˆ1µø,98 - 98,2,1,1
æÁ¥ˆ1µø,99 - 99,1,0,1
æÁ¥ˆ2µø,0 - 0,156,81,75
æÁ¥ˆ2µø,1 - 1,198,99,99
æÁ¥ˆ2µø,2 - 2,231,115,116
æÁ¥ˆ2µø,3 - 3,287,135,152
æÁ¥ˆ2µø,4 - 4,318,160,158
æÁ¥ˆ2µø,5 - 5,345,174,171
æÁ¥ˆ2µø,6 - 6,355,187,168
æÁ¥ˆ2µø,7 - 7,368,194,174
æÁ¥ˆ2µø,8 - 8,387,193,194
æÁ¥ˆ2µø,9 - 9,383,208,175
æÁ¥ˆ2µø,10 - 10,402,197,205
æÁ¥ˆ2µø,11 - 11,355,188,167
æÁ¥ˆ2µø,12 - 12,373,209,164
æÁ¥ˆ2µø,13 - 13,333,179,154
æÁ¥ˆ2µø,14 - 14,341,171,170
æÁ¥ˆ2µø,15 - 15,340,178,162
æÁ¥ˆ2µø,16 - 16,308,154,154
æÁ¥ˆ2µø,17 - 17,350,182,168
æÁ¥ˆ2µø,18 - 18,314,171,143
æÁ¥ˆ2µø,19 - 19,330,167,163
æÁ¥ˆ2µø,20 - 20,351,187,164
æÁ¥ˆ2µø,21 - 21,354,183,171
æÁ¥ˆ2µø,22 - 22,319,195,124
æÁ¥ˆ2µø,23 - 23,355,205,150
æÁ¥ˆ2µø,24 - 24,337,192,145
æÁ¥ˆ2µø,25 - 25,332,193,139
æÁ¥ˆ2µø,26 - 26,286,157,129
æÁ¥ˆ2µø,27 - 27,295,154,141
æÁ¥ˆ2µø,28 - 28,332,191,141
æÁ¥ˆ2µø,29 - 29,312,169,143
æÁ¥ˆ2µø,30 - 30,286,146,140
æÁ¥ˆ2µø,31 - 31,327,164,163
æÁ¥ˆ2µø,32 - 32,306,150,156
æÁ¥ˆ2µø,33 - 33,338,156,182
æÁ¥ˆ2µø,34 - 34,358,177,181
æÁ¥ˆ2µø,35 - 35,359,168,191
æÁ¥ˆ2µø,36 - 36,410,184,226
æÁ¥ˆ2µø,37 - 37,449,226,223
æÁ¥ˆ2µø,38 - 38,506,272,234
æÁ¥ˆ2µø,39 - 39,552,268,284
æÁ¥ˆ2µø,40 - 40,562,264,298
æÁ¥ˆ2µø,41 - 41,590,284,306
æÁ¥ˆ2µø,42 - 42,587,297,290
æÁ¥ˆ2µø,43 - 43,540,253,287
æÁ¥ˆ2µø,44 - 44,587,270,317
æÁ¥ˆ2µø,45 - 45,509,256,253
æÁ¥ˆ2µø,46 - 46,563,265,298
æÁ¥ˆ2µø,47 - 47,571,301,270
æÁ¥ˆ2µø,48 - 48,536,272,264
æÁ¥ˆ2µø,49 - 49,521,265,256
æÁ¥ˆ2µø,50 - 50,546,258,288
æÁ¥ˆ2µø,51 - 51,540,263,277
æÁ¥ˆ2µø,52 - 52,566,270,296
æÁ¥ˆ2µø,53 - 53,529,232,297
æÁ¥ˆ2µø,54 - 54,474,228,246
æÁ¥ˆ2µø,55 - 55,513,248,265
æÁ¥ˆ2µø,56 - 56,515,241,274
æÁ¥ˆ2µø,57 - 57,437,217,220
æÁ¥ˆ2µø,58 - 58,545,265,280
æÁ¥ˆ2µø,59 - 59,507,223,284
æÁ¥ˆ2µø,60 - 60,620,292,328
æÁ¥ˆ2µø,61 - 61,559,257,302
æÁ¥ˆ2µø,62 - 62,490,238,252
æÁ¥ˆ2µø,63 - 63,450,210,240
æÁ¥ˆ2µø,64 - 64,482,220,262
æÁ¥ˆ2µø,65 - 65,390,182,208
æÁ¥ˆ2µø,66 - 66,431,205,226
æÁ¥ˆ2µø,67 - 67,353,180,173
æÁ¥ˆ2µø,68 - 68,314,153,161
æÁ¥ˆ2µø,69 - 69,309,152,157
æÁ¥ˆ2µø,70 - 70,225,110,115
æÁ¥ˆ2µø,71 - 71,237,108,129
æÁ¥ˆ2µø,72 - 72,223,92,131
æÁ¥ˆ2µø,73 - 73,253,122,131
æÁ¥ˆ2µø,74 - 74,189,95,94
æÁ¥ˆ2µø,75 - 75,139,75,64
æÁ¥ˆ2µø,76 - 76,161,73,88
æÁ¥ˆ2µø,77 - 77,112,47,65
æÁ¥ˆ2µø,78 - 78,129,53,76
æÁ¥ˆ2µø,79 - 79,127,55,72
æÁ¥ˆ2µø,80 - 80,109,38,71
æÁ¥ˆ2µø,81 - 81,101,47,54
æÁ¥ˆ2µø,82 - 82,86,45,41
æÁ¥ˆ2µø,83 - 83,78,30,48
æÁ¥ˆ2µø,84 - 84,60,23,37
æÁ¥ˆ2µø,85 - 85,55,26,29
æÁ¥ˆ2µø,86 - 86,50,20,30
æÁ¥ˆ2µø,87 - 87,31,9,22
æÁ¥ˆ2µø,88 - 88,29,7,22
æÁ¥ˆ2µø,89 - 89,29,7,22
æÁ¥ˆ2µø,90 - 90,20,4,16
æÁ¥ˆ2µø,91 - 91,18,5,13
æÁ¥ˆ2µø,92 - 92,12,2,10
æÁ¥ˆ2µø,93 - 93,14,1,13
æÁ¥ˆ2µø,94 - 94,7,3,4
æÁ¥ˆ2µø,95 - 95,6,0,6
æÁ¥ˆ2µø,96 - 96,5,1,4
æÁ¥ˆ2µø,98 - 98,3,0,3
æÁ¥ˆ2µø,99 - 99,1,0,1
«’º∫1µø,0 - 0,45,19,26
«’º∫1µø,1 - 1,62,39,23
«’º∫1µø,2 - 2,58,32,26
«’º∫1µø,3 - 3,67,37,30
«’º∫1µø,4 - 4,73,38,35
«’º∫1µø,5 - 5,70,38,32
«’º∫1µø,6 - 6,73,32,41
«’º∫1µø,7 - 7,76,39,37
«’º∫1µø,8 - 8,58,27,31
«’º∫1µø,9 - 9,58,34,24
«’º∫1µø,10 - 10,51,25,26
«’º∫1µø,11 - 11,57,32,25
«’º∫1µø,12 - 12,47,20,27
«’º∫1µø,13 - 13,56,26,30
«’º∫1µø,14 - 14,61,28,33
«’º∫1µø,15 - 15,57,27,30
«’º∫1µø,16 - 16,45,23,22
«’º∫1µø,17 - 17,49,24,25
«’º∫1µø,18 - 18,60,35,25
«’º∫1µø,19 - 19,77,42,35
«’º∫1µø,20 - 20,104,58,46
«’º∫1µø,21 - 21,93,51,42
«’º∫1µø,22 - 22,96,58,38
«’º∫1µø,23 - 23,109,58,51
«’º∫1µø,24 - 24,116,58,58
«’º∫1µø,25 - 25,116,69,47
«’º∫1µø,26 - 26,112,62,50
«’º∫1µø,27 - 27,114,62,52
«’º∫1µø,28 - 28,131,69,62
«’º∫1µø,29 - 29,111,62,49
«’º∫1µø,30 - 30,122,63,59
«’º∫1µø,31 - 31,112,62,50
«’º∫1µø,32 - 32,130,77,53
«’º∫1µø,33 - 33,123,70,53
«’º∫1µø,34 - 34,102,52,50
«’º∫1µø,35 - 35,121,69,52
«’º∫1µø,36 - 36,114,58,56
«’º∫1µø,37 - 37,117,63,54
«’º∫1µø,38 - 38,122,65,57
«’º∫1µø,39 - 39,188,109,79
«’º∫1µø,40 - 40,141,78,63
«’º∫1µø,41 - 41,152,84,68
«’º∫1µø,42 - 42,124,81,43
«’º∫1µø,43 - 43,123,68,55
«’º∫1µø,44 - 44,102,54,48
«’º∫1µø,45 - 45,117,57,60
«’º∫1µø,46 - 46,130,71,59
«’º∫1µø,47 - 47,141,73,68
«’º∫1µø,48 - 48,148,80,68
«’º∫1µø,49 - 49,124,64,60
«’º∫1µø,50 - 50,139,68,71
«’º∫1µø,51 - 51,162,79,83
«’º∫1µø,52 - 52,183,93,90
«’º∫1µø,53 - 53,158,74,84
«’º∫1µø,54 - 54,171,79,92
«’º∫1µø,55 - 55,157,78,79
«’º∫1µø,56 - 56,163,74,89
«’º∫1µø,57 - 57,145,77,68
«’º∫1µø,58 - 58,168,75,93
«’º∫1µø,59 - 59,172,96,76
«’º∫1µø,60 - 60,190,103,87
«’º∫1µø,61 - 61,193,86,107
«’º∫1µø,62 - 62,164,81,83
«’º∫1µø,63 - 63,161,72,89
«’º∫1µø,64 - 64,170,82,88
«’º∫1µø,65 - 65,188,85,103
«’º∫1µø,66 - 66,172,93,79
«’º∫1µø,67 - 67,141,79,62
«’º∫1µø,68 - 68,131,56,75
«’º∫1µø,69 - 69,145,68,77
«’º∫1µø,70 - 70,88,41,47
«’º∫1µø,71 - 71,115,47,68
«’º∫1µø,72 - 72,115,64,51
«’º∫1µø,73 - 73,113,58,55
«’º∫1µø,74 - 74,83,40,43
«’º∫1µø,75 - 75,68,25,43
«’º∫1µø,76 - 76,63,27,36
«’º∫1µø,77 - 77,66,37,29
«’º∫1µø,78 - 78,75,30,45
«’º∫1µø,79 - 79,63,31,32
«’º∫1µø,80 - 80,56,20,36
«’º∫1µø,81 - 81,55,26,29
«’º∫1µø,82 - 82,33,17,16
«’º∫1µø,83 - 83,34,13,21
«’º∫1µø,84 - 84,31,7,24
«’º∫1µø,85 - 85,25,7,18
«’º∫1µø,86 - 86,23,7,16
«’º∫1µø,87 - 87,19,3,16
«’º∫1µø,88 - 88,16,4,12
«’º∫1µø,89 - 89,7,0,7
«’º∫1µø,90 - 90,8,1,7
«’º∫1µø,91 - 91,4,0,4
«’º∫1µø,92 - 92,6,3,3
«’º∫1µø,93 - 93,6,1,5
«’º∫1µø,94 - 94,8,0,8
«’º∫1µø,97 - 97,1,0,1
«’º∫1µø,98 - 98,1,0,1
«’º∫1µø,99 - 99,2,0,2
«’º∫1µø,102 - 102,1,1,0
«’º∫1µø,103 - 103,1,0,1
«’º∫2µø,0 - 0,10,7,3
«’º∫2µø,1 - 1,13,7,6
«’º∫2µø,2 - 2,15,10,5
«’º∫2µø,3 - 3,20,12,8
«’º∫2µø,4 - 4,25,11,14
«’º∫2µø,5 - 5,23,7,16
«’º∫2µø,6 - 6,34,22,12
«’º∫2µø,7 - 7,30,12,18
«’º∫2µø,8 - 8,33,14,19
«’º∫2µø,9 - 9,50,26,24
«’º∫2µø,10 - 10,52,27,25
«’º∫2µø,11 - 11,34,19,15
«’º∫2µø,12 - 12,43,19,24
«’º∫2µø,13 - 13,34,24,10
«’º∫2µø,14 - 14,47,22,25
«’º∫2µø,15 - 15,43,25,18
«’º∫2µø,16 - 16,41,16,25
«’º∫2µø,17 - 17,47,30,17
«’º∫2µø,18 - 18,56,28,28
«’º∫2µø,19 - 19,49,31,18
«’º∫2µø,20 - 20,76,32,44
«’º∫2µø,21 - 21,75,38,37
«’º∫2µø,22 - 22,79,48,31
«’º∫2µø,23 - 23,91,51,40
«’º∫2µø,24 - 24,97,49,48
«’º∫2µø,25 - 25,106,45,61
«’º∫2µø,26 - 26,104,59,45
«’º∫2µø,27 - 27,100,59,41
«’º∫2µø,28 - 28,83,45,38
«’º∫2µø,29 - 29,104,64,40
«’º∫2µø,30 - 30,63,33,30
«’º∫2µø,31 - 31,66,38,28
«’º∫2µø,32 - 32,71,41,30
«’º∫2µø,33 - 33,62,40,22
«’º∫2µø,34 - 34,67,34,33
«’º∫2µø,35 - 35,68,38,30
«’º∫2µø,36 - 36,71,43,28
«’º∫2µø,37 - 37,74,48,26
«’º∫2µø,38 - 38,79,51,28
«’º∫2µø,39 - 39,106,63,43
«’º∫2µø,40 - 40,94,49,45
«’º∫2µø,41 - 41,107,59,48
«’º∫2µø,42 - 42,99,64,35
«’º∫2µø,43 - 43,106,59,47
«’º∫2µø,44 - 44,83,38,45
«’º∫2µø,45 - 45,99,51,48
«’º∫2µø,46 - 46,103,51,52
«’º∫2µø,47 - 47,113,57,56
«’º∫2µø,48 - 48,128,75,53
«’º∫2µø,49 - 49,108,55,53
«’º∫2µø,50 - 50,144,82,62
«’º∫2µø,51 - 51,120,69,51
«’º∫2µø,52 - 52,134,68,66
«’º∫2µø,53 - 53,151,70,81
«’º∫2µø,54 - 54,138,70,68
«’º∫2µø,55 - 55,134,67,67
«’º∫2µø,56 - 56,121,64,57
«’º∫2µø,57 - 57,101,56,45
«’º∫2µø,58 - 58,166,76,90
«’º∫2µø,59 - 59,145,67,78
«’º∫2µø,60 - 60,188,84,104
«’º∫2µø,61 - 61,192,90,102
«’º∫2µø,62 - 62,168,61,107
«’º∫2µø,63 - 63,153,70,83
«’º∫2µø,64 - 64,169,80,89
«’º∫2µø,65 - 65,146,54,92
«’º∫2µø,66 - 66,187,81,106
«’º∫2µø,67 - 67,126,58,68
«’º∫2µø,68 - 68,140,55,85
«’º∫2µø,69 - 69,132,66,66
«’º∫2µø,70 - 70,116,49,67
«’º∫2µø,71 - 71,132,54,78
«’º∫2µø,72 - 72,100,56,44
«’º∫2µø,73 - 73,101,54,47
«’º∫2µø,74 - 74,84,39,45
«’º∫2µø,75 - 75,50,23,27
«’º∫2µø,76 - 76,67,31,36
«’º∫2µø,77 - 77,97,43,54
«’º∫2µø,78 - 78,61,28,33
«’º∫2µø,79 - 79,55,29,26
«’º∫2µø,80 - 80,46,23,23
«’º∫2µø,81 - 81,50,15,35
«’º∫2µø,82 - 82,32,7,25
«’º∫2µø,83 - 83,29,11,18
«’º∫2µø,84 - 84,25,14,11
«’º∫2µø,85 - 85,24,9,15
«’º∫2µø,86 - 86,23,9,14
«’º∫2µø,87 - 87,16,3,13
«’º∫2µø,88 - 88,11,1,10
«’º∫2µø,89 - 89,13,1,12
«’º∫2µø,90 - 90,5,1,4
«’º∫2µø,91 - 91,6,3,3
«’º∫2µø,92 - 92,1,0,1
«’º∫2µø,93 - 93,1,0,1
«’º∫2µø,94 - 94,3,0,3
«’º∫2µø,96 - 96,3,0,3
«’º∫2µø,105 - 105,1,0,1
±∏æœ1µø,0 - 0,10,4,6
±∏æœ1µø,1 - 1,19,9,10
±∏æœ1µø,2 - 2,21,9,12
±∏æœ1µø,3 - 3,29,10,19
±∏æœ1µø,4 - 4,39,20,19
±∏æœ1µø,5 - 5,41,21,20
±∏æœ1µø,6 - 6,43,18,25
±∏æœ1µø,7 - 7,57,29,28
±∏æœ1µø,8 - 8,62,34,28
±∏æœ1µø,9 - 9,69,34,35
±∏æœ1µø,10 - 10,64,30,34
±∏æœ1µø,11 - 11,57,27,30
±∏æœ1µø,12 - 12,46,24,22
±∏æœ1µø,13 - 13,82,41,41
±∏æœ1µø,14 - 14,60,38,22
±∏æœ1µø,15 - 15,79,41,38
±∏æœ1µø,16 - 16,52,27,25
±∏æœ1µø,17 - 17,67,32,35
±∏æœ1µø,18 - 18,66,31,35
±∏æœ1µø,19 - 19,67,39,28
±∏æœ1µø,20 - 20,87,54,33
±∏æœ1µø,21 - 21,83,52,31
±∏æœ1µø,22 - 22,105,57,48
±∏æœ1µø,23 - 23,75,41,34
±∏æœ1µø,24 - 24,87,53,34
±∏æœ1µø,25 - 25,100,44,56
±∏æœ1µø,26 - 26,98,64,34
±∏æœ1µø,27 - 27,96,58,38
±∏æœ1µø,28 - 28,97,56,41
±∏æœ1µø,29 - 29,94,49,45
±∏æœ1µø,30 - 30,97,57,40
±∏æœ1µø,31 - 31,74,43,31
±∏æœ1µø,32 - 32,70,32,38
±∏æœ1µø,33 - 33,66,40,26
±∏æœ1µø,34 - 34,76,37,39
±∏æœ1µø,35 - 35,83,49,34
±∏æœ1µø,36 - 36,68,37,31
±∏æœ1µø,37 - 37,99,57,42
±∏æœ1µø,38 - 38,102,61,41
±∏æœ1µø,39 - 39,112,65,47
±∏æœ1µø,40 - 40,105,66,39
±∏æœ1µø,41 - 41,128,68,60
±∏æœ1µø,42 - 42,107,61,46
±∏æœ1µø,43 - 43,107,53,54
±∏æœ1µø,44 - 44,100,56,44
±∏æœ1µø,45 - 45,115,60,55
±∏æœ1µø,46 - 46,110,73,37
±∏æœ1µø,47 - 47,127,66,61
±∏æœ1µø,48 - 48,143,65,78
±∏æœ1µø,49 - 49,134,58,76
±∏æœ1µø,50 - 50,146,75,71
±∏æœ1µø,51 - 51,130,75,55
±∏æœ1µø,52 - 52,222,119,103
±∏æœ1µø,53 - 53,171,75,96
±∏æœ1µø,54 - 54,165,97,68
±∏æœ1µø,55 - 55,195,100,95
±∏æœ1µø,56 - 56,158,60,98
±∏æœ1µø,57 - 57,160,84,76
±∏æœ1µø,58 - 58,193,98,95
±∏æœ1µø,59 - 59,205,104,101
±∏æœ1µø,60 - 60,224,103,121
±∏æœ1µø,61 - 61,211,89,122
±∏æœ1µø,62 - 62,211,77,134
±∏æœ1µø,63 - 63,182,85,97
±∏æœ1µø,64 - 64,221,101,120
±∏æœ1µø,65 - 65,195,94,101
±∏æœ1µø,66 - 66,193,78,115
±∏æœ1µø,67 - 67,179,79,100
±∏æœ1µø,68 - 68,174,90,84
±∏æœ1µø,69 - 69,153,78,75
±∏æœ1µø,70 - 70,116,60,56
±∏æœ1µø,71 - 71,123,54,69
±∏æœ1µø,72 - 72,118,58,60
±∏æœ1µø,73 - 73,120,55,65
±∏æœ1µø,74 - 74,85,35,50
±∏æœ1µø,75 - 75,56,27,29
±∏æœ1µø,76 - 76,79,37,42
±∏æœ1µø,77 - 77,70,32,38
±∏æœ1µø,78 - 78,75,33,42
±∏æœ1µø,79 - 79,74,32,42
±∏æœ1µø,80 - 80,50,21,29
±∏æœ1µø,81 - 81,46,21,25
±∏æœ1µø,82 - 82,41,20,21
±∏æœ1µø,83 - 83,40,15,25
±∏æœ1µø,84 - 84,38,13,25
±∏æœ1µø,85 - 85,35,13,22
±∏æœ1µø,86 - 86,22,8,14
±∏æœ1µø,87 - 87,22,8,14
±∏æœ1µø,88 - 88,12,4,8
±∏æœ1µø,89 - 89,15,1,14
±∏æœ1µø,90 - 90,8,3,5
±∏æœ1µø,91 - 91,10,1,9
±∏æœ1µø,92 - 92,9,3,6
±∏æœ1µø,93 - 93,7,2,5
±∏æœ1µø,94 - 94,1,0,1
±∏æœ1µø,96 - 96,2,0,2
±∏æœ1µø,97 - 97,2,0,2
±∏æœ1µø,98 - 98,1,0,1
±∏æœ2µø,0 - 0,32,12,20
±∏æœ2µø,1 - 1,36,20,16
±∏æœ2µø,2 - 2,34,16,18
±∏æœ2µø,3 - 3,53,30,23
±∏æœ2µø,4 - 4,42,24,18
±∏æœ2µø,5 - 5,55,28,27
±∏æœ2µø,6 - 6,56,26,30
±∏æœ2µø,7 - 7,55,32,23
±∏æœ2µø,8 - 8,64,30,34
±∏æœ2µø,9 - 9,57,35,22
±∏æœ2µø,10 - 10,77,40,37
±∏æœ2µø,11 - 11,54,28,26
±∏æœ2µø,12 - 12,63,32,31
±∏æœ2µø,13 - 13,76,34,42
±∏æœ2µø,14 - 14,76,43,33
±∏æœ2µø,15 - 15,79,36,43
±∏æœ2µø,16 - 16,85,45,40
±∏æœ2µø,17 - 17,84,52,32
±∏æœ2µø,18 - 18,89,40,49
±∏æœ2µø,19 - 19,102,46,56
±∏æœ2µø,20 - 20,100,62,38
±∏æœ2µø,21 - 21,95,46,49
±∏æœ2µø,22 - 22,94,40,54
±∏æœ2µø,23 - 23,105,56,49
±∏æœ2µø,24 - 24,135,65,70
±∏æœ2µø,25 - 25,135,63,72
±∏æœ2µø,26 - 26,136,74,62
±∏æœ2µø,27 - 27,158,85,73
±∏æœ2µø,28 - 28,138,59,79
±∏æœ2µø,29 - 29,146,84,62
±∏æœ2µø,30 - 30,97,60,37
±∏æœ2µø,31 - 31,121,67,54
±∏æœ2µø,32 - 32,99,56,43
±∏æœ2µø,33 - 33,91,56,35
±∏æœ2µø,34 - 34,91,49,42
±∏æœ2µø,35 - 35,78,38,40
±∏æœ2µø,36 - 36,89,51,38
±∏æœ2µø,37 - 37,115,63,52
±∏æœ2µø,38 - 38,128,67,61
±∏æœ2µø,39 - 39,131,62,69
±∏æœ2µø,40 - 40,131,61,70
±∏æœ2µø,41 - 41,135,70,65
±∏æœ2µø,42 - 42,138,77,61
±∏æœ2µø,43 - 43,123,71,52
±∏æœ2µø,44 - 44,119,73,46
±∏æœ2µø,45 - 45,136,77,59
±∏æœ2µø,46 - 46,137,69,68
±∏æœ2µø,47 - 47,143,69,74
±∏æœ2µø,48 - 48,158,72,86
±∏æœ2µø,49 - 49,140,74,66
±∏æœ2µø,50 - 50,183,90,93
±∏æœ2µø,51 - 51,157,83,74
±∏æœ2µø,52 - 52,164,86,78
±∏æœ2µø,53 - 53,162,79,83
±∏æœ2µø,54 - 54,168,84,84
±∏æœ2µø,55 - 55,190,95,95
±∏æœ2µø,56 - 56,166,76,90
±∏æœ2µø,57 - 57,153,72,81
±∏æœ2µø,58 - 58,151,73,78
±∏æœ2µø,59 - 59,175,75,100
±∏æœ2µø,60 - 60,226,116,110
±∏æœ2µø,61 - 61,190,78,112
±∏æœ2µø,62 - 62,179,89,90
±∏æœ2µø,63 - 63,181,79,102
±∏æœ2µø,64 - 64,190,94,96
±∏æœ2µø,65 - 65,161,66,95
±∏æœ2µø,66 - 66,194,87,107
±∏æœ2µø,67 - 67,143,77,66
±∏æœ2µø,68 - 68,151,69,82
±∏æœ2µø,69 - 69,136,61,75
±∏æœ2µø,70 - 70,99,49,50
±∏æœ2µø,71 - 71,112,52,60
±∏æœ2µø,72 - 72,111,56,55
±∏æœ2µø,73 - 73,99,49,50
±∏æœ2µø,74 - 74,77,43,34
±∏æœ2µø,75 - 75,56,28,28
±∏æœ2µø,76 - 76,64,23,41
±∏æœ2µø,77 - 77,74,41,33
±∏æœ2µø,78 - 78,69,29,40
±∏æœ2µø,79 - 79,60,33,27
±∏æœ2µø,80 - 80,59,30,29
±∏æœ2µø,81 - 81,44,16,28
±∏æœ2µø,82 - 82,27,10,17
±∏æœ2µø,83 - 83,31,13,18
±∏æœ2µø,84 - 84,22,7,15
±∏æœ2µø,85 - 85,28,12,16
±∏æœ2µø,86 - 86,18,5,13
±∏æœ2µø,87 - 87,19,7,12
±∏æœ2µø,88 - 88,11,3,8
±∏æœ2µø,89 - 89,7,2,5
±∏æœ2µø,90 - 90,9,1,8
±∏æœ2µø,91 - 91,7,2,5
±∏æœ2µø,93 - 93,4,0,4
±∏æœ2µø,94 - 94,2,0,2
±∏æœ2µø,95 - 95,1,1,0
±∏æœ2µø,96 - 96,1,1,0
±∏æœ2µø,97 - 97,1,0,1
±∏æœ2µø,99 - 99,2,0,2
±∏æœ2µø,100 - 100,1,0,1
∫¿æœµø,0 - 0,8,6,2
∫¿æœµø,1 - 1,10,6,4
∫¿æœµø,2 - 2,14,7,7
∫¿æœµø,3 - 3,11,6,5
∫¿æœµø,4 - 4,18,7,11
∫¿æœµø,5 - 5,20,12,8
∫¿æœµø,6 - 6,19,10,9
∫¿æœµø,7 - 7,12,8,4
∫¿æœµø,8 - 8,11,5,6
∫¿æœµø,9 - 9,18,9,9
∫¿æœµø,10 - 10,18,7,11
∫¿æœµø,11 - 11,22,13,9
∫¿æœµø,12 - 12,20,11,9
∫¿æœµø,13 - 13,23,9,14
∫¿æœµø,14 - 14,28,18,10
∫¿æœµø,15 - 15,21,12,9
∫¿æœµø,16 - 16,18,14,4
∫¿æœµø,17 - 17,22,16,6
∫¿æœµø,18 - 18,15,6,9
∫¿æœµø,19 - 19,24,13,11
∫¿æœµø,20 - 20,13,7,6
∫¿æœµø,21 - 21,26,16,10
∫¿æœµø,22 - 22,27,15,12
∫¿æœµø,23 - 23,27,20,7
∫¿æœµø,24 - 24,32,20,12
∫¿æœµø,25 - 25,36,25,11
∫¿æœµø,26 - 26,35,18,17
∫¿æœµø,27 - 27,31,24,7
∫¿æœµø,28 - 28,39,24,15
∫¿æœµø,29 - 29,42,31,11
∫¿æœµø,30 - 30,37,24,13
∫¿æœµø,31 - 31,25,16,9
∫¿æœµø,32 - 32,36,21,15
∫¿æœµø,33 - 33,34,18,16
∫¿æœµø,34 - 34,34,17,17
∫¿æœµø,35 - 35,38,23,15
∫¿æœµø,36 - 36,40,25,15
∫¿æœµø,37 - 37,48,34,14
∫¿æœµø,38 - 38,34,23,11
∫¿æœµø,39 - 39,57,32,25
∫¿æœµø,40 - 40,53,35,18
∫¿æœµø,41 - 41,45,23,22
∫¿æœµø,42 - 42,49,31,18
∫¿æœµø,43 - 43,54,35,19
∫¿æœµø,44 - 44,49,33,16
∫¿æœµø,45 - 45,40,20,20
∫¿æœµø,46 - 46,54,31,23
∫¿æœµø,47 - 47,53,37,16
∫¿æœµø,48 - 48,47,27,20
∫¿æœµø,49 - 49,61,35,26
∫¿æœµø,50 - 50,58,31,27
∫¿æœµø,51 - 51,69,34,35
∫¿æœµø,52 - 52,67,33,34
∫¿æœµø,53 - 53,51,34,17
∫¿æœµø,54 - 54,78,39,39
∫¿æœµø,55 - 55,68,43,25
∫¿æœµø,56 - 56,55,30,25
∫¿æœµø,57 - 57,62,38,24
∫¿æœµø,58 - 58,49,28,21
∫¿æœµø,59 - 59,72,45,27
∫¿æœµø,60 - 60,73,37,36
∫¿æœµø,61 - 61,78,41,37
∫¿æœµø,62 - 62,66,34,32
∫¿æœµø,63 - 63,70,34,36
∫¿æœµø,64 - 64,67,34,33
∫¿æœµø,65 - 65,63,35,28
∫¿æœµø,66 - 66,58,25,33
∫¿æœµø,67 - 67,54,31,23
∫¿æœµø,68 - 68,58,29,29
∫¿æœµø,69 - 69,53,33,20
∫¿æœµø,70 - 70,49,22,27
∫¿æœµø,71 - 71,42,21,21
∫¿æœµø,72 - 72,29,11,18
∫¿æœµø,73 - 73,43,23,20
∫¿æœµø,74 - 74,43,22,21
∫¿æœµø,75 - 75,28,15,13
∫¿æœµø,76 - 76,23,12,11
∫¿æœµø,77 - 77,22,8,14
∫¿æœµø,78 - 78,28,15,13
∫¿æœµø,79 - 79,17,7,10
∫¿æœµø,80 - 80,21,9,12
∫¿æœµø,81 - 81,18,6,12
∫¿æœµø,82 - 82,20,10,10
∫¿æœµø,83 - 83,18,8,10
∫¿æœµø,84 - 84,4,2,2
∫¿æœµø,85 - 85,14,4,10
∫¿æœµø,86 - 86,11,0,11
∫¿æœµø,87 - 87,6,1,5
∫¿æœµø,88 - 88,3,1,2
∫¿æœµø,89 - 89,5,0,5
∫¿æœµø,90 - 90,6,3,3
∫¿æœµø,91 - 91,1,0,1
∫¿æœµø,92 - 92,2,0,2
∫¿æœµø,93 - 93,2,0,2
∫¿æœµø,95 - 95,1,0,1
∫¿æœµø,97 - 97,1,0,1
∫¿æœµø,98 - 98,1,0,1
∫¿æœµø,101 - 101,1,0,1
∫¿æœµø,103 - 103,1,0,1
√Êπ´µø,0 - 0,85,39,46
√Êπ´µø,1 - 1,100,41,59
√Êπ´µø,2 - 2,94,48,46
√Êπ´µø,3 - 3,129,66,63
√Êπ´µø,4 - 4,145,72,73
√Êπ´µø,5 - 5,159,89,70
√Êπ´µø,6 - 6,154,79,75
√Êπ´µø,7 - 7,156,84,72
√Êπ´µø,8 - 8,191,102,89
√Êπ´µø,9 - 9,190,98,92
√Êπ´µø,10 - 10,185,81,104
√Êπ´µø,11 - 11,199,105,94
√Êπ´µø,12 - 12,167,86,81
√Êπ´µø,13 - 13,185,82,103
√Êπ´µø,14 - 14,176,75,101
√Êπ´µø,15 - 15,174,101,73
√Êπ´µø,16 - 16,164,83,81
√Êπ´µø,17 - 17,189,89,100
√Êπ´µø,18 - 18,168,91,77
√Êπ´µø,19 - 19,204,114,90
√Êπ´µø,20 - 20,194,97,97
√Êπ´µø,21 - 21,198,121,77
√Êπ´µø,22 - 22,217,127,90
√Êπ´µø,23 - 23,201,130,71
√Êπ´µø,24 - 24,205,132,73
√Êπ´µø,25 - 25,215,142,73
√Êπ´µø,26 - 26,207,148,59
√Êπ´µø,27 - 27,218,145,73
√Êπ´µø,28 - 28,254,155,99
√Êπ´µø,29 - 29,227,137,90
√Êπ´µø,30 - 30,207,119,88
√Êπ´µø,31 - 31,226,141,85
√Êπ´µø,32 - 32,208,132,76
√Êπ´µø,33 - 33,202,113,89
√Êπ´µø,34 - 34,183,101,82
√Êπ´µø,35 - 35,183,93,90
√Êπ´µø,36 - 36,213,121,92
√Êπ´µø,37 - 37,202,124,78
√Êπ´µø,38 - 38,226,110,116
√Êπ´µø,39 - 39,271,134,137
√Êπ´µø,40 - 40,285,144,141
√Êπ´µø,41 - 41,297,147,150
√Êπ´µø,42 - 42,309,154,155
√Êπ´µø,43 - 43,260,130,130
√Êπ´µø,44 - 44,268,146,122
√Êπ´µø,45 - 45,276,157,119
√Êπ´µø,46 - 46,288,162,126
√Êπ´µø,47 - 47,317,174,143
√Êπ´µø,48 - 48,314,171,143
√Êπ´µø,49 - 49,300,156,144
√Êπ´µø,50 - 50,283,164,119
√Êπ´µø,51 - 51,248,152,96
√Êπ´µø,52 - 52,250,154,96
√Êπ´µø,53 - 53,218,127,91
√Êπ´µø,54 - 54,214,120,94
√Êπ´µø,55 - 55,196,102,94
√Êπ´µø,56 - 56,187,97,90
√Êπ´µø,57 - 57,184,84,100
√Êπ´µø,58 - 58,212,104,108
√Êπ´µø,59 - 59,209,109,100
√Êπ´µø,60 - 60,239,111,128
√Êπ´µø,61 - 61,241,111,130
√Êπ´µø,62 - 62,234,100,134
√Êπ´µø,63 - 63,237,119,118
√Êπ´µø,64 - 64,198,93,105
√Êπ´µø,65 - 65,228,108,120
√Êπ´µø,66 - 66,234,106,128
√Êπ´µø,67 - 67,187,90,97
√Êπ´µø,68 - 68,180,78,102
√Êπ´µø,69 - 69,174,82,92
√Êπ´µø,70 - 70,154,64,90
√Êπ´µø,71 - 71,177,70,107
√Êπ´µø,72 - 72,166,74,92
√Êπ´µø,73 - 73,176,81,95
√Êπ´µø,74 - 74,152,56,96
√Êπ´µø,75 - 75,115,56,59
√Êπ´µø,76 - 76,138,63,75
√Êπ´µø,77 - 77,106,44,62
√Êπ´µø,78 - 78,114,44,70
√Êπ´µø,79 - 79,129,46,83
√Êπ´µø,80 - 80,106,49,57
√Êπ´µø,81 - 81,97,36,61
√Êπ´µø,82 - 82,95,37,58
√Êπ´µø,83 - 83,82,36,46
√Êπ´µø,84 - 84,80,28,52
√Êπ´µø,85 - 85,74,34,40
√Êπ´µø,86 - 86,71,24,47
√Êπ´µø,87 - 87,47,10,37
√Êπ´µø,88 - 88,32,12,20
√Êπ´µø,89 - 89,36,6,30
√Êπ´µø,90 - 90,24,6,18
√Êπ´µø,91 - 91,22,3,19
√Êπ´µø,92 - 92,17,7,10
√Êπ´µø,93 - 93,14,3,11
√Êπ´µø,94 - 94,8,1,7
√Êπ´µø,95 - 95,5,1,4
√Êπ´µø,96 - 96,5,0,5
√Êπ´µø,97 - 97,1,0,1
√Êπ´µø,98 - 98,1,0,1
√Êπ´µø,99 - 99,1,0,1
√Êπ´µø,100 - 100,2,1,1
√Êπ´µø,101 - 101,1,0,1
√Êπ´µø,104 - 104,1,1,0
ø©¡¬µø,0 - 0,9,4,5
ø©¡¬µø,1 - 1,15,6,9
ø©¡¬µø,2 - 2,15,7,8
ø©¡¬µø,3 - 3,30,19,11
ø©¡¬µø,4 - 4,25,14,11
ø©¡¬µø,5 - 5,28,16,12
ø©¡¬µø,6 - 6,38,22,16
ø©¡¬µø,7 - 7,50,28,22
ø©¡¬µø,8 - 8,40,28,12
ø©¡¬µø,9 - 9,57,31,26
ø©¡¬µø,10 - 10,50,26,24
ø©¡¬µø,11 - 11,67,30,37
ø©¡¬µø,12 - 12,45,26,19
ø©¡¬µø,13 - 13,76,42,34
ø©¡¬µø,14 - 14,54,27,27
ø©¡¬µø,15 - 15,63,40,23
ø©¡¬µø,16 - 16,63,33,30
ø©¡¬µø,17 - 17,65,41,24
ø©¡¬µø,18 - 18,84,44,40
ø©¡¬µø,19 - 19,58,27,31
ø©¡¬µø,20 - 20,99,58,41
ø©¡¬µø,21 - 21,91,57,34
ø©¡¬µø,22 - 22,82,50,32
ø©¡¬µø,23 - 23,80,55,25
ø©¡¬µø,24 - 24,96,65,31
ø©¡¬µø,25 - 25,69,40,29
ø©¡¬µø,26 - 26,71,43,28
ø©¡¬µø,27 - 27,74,44,30
ø©¡¬µø,28 - 28,73,42,31
ø©¡¬µø,29 - 29,85,42,43
ø©¡¬µø,30 - 30,75,43,32
ø©¡¬µø,31 - 31,71,45,26
ø©¡¬µø,32 - 32,58,38,20
ø©¡¬µø,33 - 33,62,34,28
ø©¡¬µø,34 - 34,40,25,15
ø©¡¬µø,35 - 35,58,29,29
ø©¡¬µø,36 - 36,60,40,20
ø©¡¬µø,37 - 37,62,30,32
ø©¡¬µø,38 - 38,87,51,36
ø©¡¬µø,39 - 39,96,48,48
ø©¡¬µø,40 - 40,84,48,36
ø©¡¬µø,41 - 41,106,55,51
ø©¡¬µø,42 - 42,96,51,45
ø©¡¬µø,43 - 43,104,53,51
ø©¡¬µø,44 - 44,102,52,50
ø©¡¬µø,45 - 45,103,55,48
ø©¡¬µø,46 - 46,139,67,72
ø©¡¬µø,47 - 47,142,76,66
ø©¡¬µø,48 - 48,131,68,63
ø©¡¬µø,49 - 49,128,63,65
ø©¡¬µø,50 - 50,157,82,75
ø©¡¬µø,51 - 51,144,78,66
ø©¡¬µø,52 - 52,136,69,67
ø©¡¬µø,53 - 53,136,71,65
ø©¡¬µø,54 - 54,133,67,66
ø©¡¬µø,55 - 55,132,65,67
ø©¡¬µø,56 - 56,144,70,74
ø©¡¬µø,57 - 57,118,52,66
ø©¡¬µø,58 - 58,157,78,79
ø©¡¬µø,59 - 59,130,75,55
ø©¡¬µø,60 - 60,167,76,91
ø©¡¬µø,61 - 61,160,75,85
ø©¡¬µø,62 - 62,171,84,87
ø©¡¬µø,63 - 63,148,71,77
ø©¡¬µø,64 - 64,187,92,95
ø©¡¬µø,65 - 65,169,73,96
ø©¡¬µø,66 - 66,158,67,91
ø©¡¬µø,67 - 67,148,59,89
ø©¡¬µø,68 - 68,120,54,66
ø©¡¬µø,69 - 69,156,62,94
ø©¡¬µø,70 - 70,116,56,60
ø©¡¬µø,71 - 71,115,46,69
ø©¡¬µø,72 - 72,135,51,84
ø©¡¬µø,73 - 73,145,65,80
ø©¡¬µø,74 - 74,141,61,80
ø©¡¬µø,75 - 75,91,42,49
ø©¡¬µø,76 - 76,137,59,78
ø©¡¬µø,77 - 77,129,52,77
ø©¡¬µø,78 - 78,109,46,63
ø©¡¬µø,79 - 79,121,44,77
ø©¡¬µø,80 - 80,94,40,54
ø©¡¬µø,81 - 81,94,41,53
ø©¡¬µø,82 - 82,97,39,58
ø©¡¬µø,83 - 83,93,39,54
ø©¡¬µø,84 - 84,68,33,35
ø©¡¬µø,85 - 85,56,21,35
ø©¡¬µø,86 - 86,59,19,40
ø©¡¬µø,87 - 87,44,19,25
ø©¡¬µø,88 - 88,32,10,22
ø©¡¬µø,89 - 89,37,10,27
ø©¡¬µø,90 - 90,24,4,20
ø©¡¬µø,91 - 91,17,2,15
ø©¡¬µø,92 - 92,15,4,11
ø©¡¬µø,93 - 93,7,2,5
ø©¡¬µø,94 - 94,6,3,3
ø©¡¬µø,95 - 95,2,0,2
ø©¡¬µø,97 - 97,2,0,2
ø©¡¬µø,98 - 98,2,1,1
ø©¡¬µø,99 - 99,1,0,1
ø©¡¬µø,100 - 100,1,0,1
≈¬πÈµø,0 - 0,9,8,1
≈¬πÈµø,1 - 1,10,5,5
≈¬πÈµø,2 - 2,14,8,6
≈¬πÈµø,3 - 3,15,7,8
≈¬πÈµø,4 - 4,19,9,10
≈¬πÈµø,5 - 5,14,9,5
≈¬πÈµø,6 - 6,23,12,11
≈¬πÈµø,7 - 7,21,12,9
≈¬πÈµø,8 - 8,28,14,14
≈¬πÈµø,9 - 9,17,9,8
≈¬πÈµø,10 - 10,30,17,13
≈¬πÈµø,11 - 11,25,12,13
≈¬πÈµø,12 - 12,25,17,8
≈¬πÈµø,13 - 13,30,16,14
≈¬πÈµø,14 - 14,31,12,19
≈¬πÈµø,15 - 15,21,9,12
≈¬πÈµø,16 - 16,24,11,13
≈¬πÈµø,17 - 17,26,12,14
≈¬πÈµø,18 - 18,38,26,12
≈¬πÈµø,19 - 19,29,20,9
≈¬πÈµø,20 - 20,23,13,10
≈¬πÈµø,21 - 21,64,37,27
≈¬πÈµø,22 - 22,49,33,16
≈¬πÈµø,23 - 23,49,32,17
≈¬πÈµø,24 - 24,53,30,23
≈¬πÈµø,25 - 25,51,27,24
≈¬πÈµø,26 - 26,44,24,20
≈¬πÈµø,27 - 27,44,26,18
≈¬πÈµø,28 - 28,41,23,18
≈¬πÈµø,29 - 29,41,26,15
≈¬πÈµø,30 - 30,34,18,16
≈¬πÈµø,31 - 31,30,18,12
≈¬πÈµø,32 - 32,26,15,11
≈¬πÈµø,33 - 33,33,15,18
≈¬πÈµø,34 - 34,31,16,15
≈¬πÈµø,35 - 35,31,19,12
≈¬πÈµø,36 - 36,39,23,16
≈¬πÈµø,37 - 37,37,23,14
≈¬πÈµø,38 - 38,47,27,20
≈¬πÈµø,39 - 39,48,29,19
≈¬πÈµø,40 - 40,54,37,17
≈¬πÈµø,41 - 41,48,27,21
≈¬πÈµø,42 - 42,56,30,26
≈¬πÈµø,43 - 43,42,23,19
≈¬πÈµø,44 - 44,64,37,27
≈¬πÈµø,45 - 45,55,28,27
≈¬πÈµø,46 - 46,62,41,21
≈¬πÈµø,47 - 47,64,32,32
≈¬πÈµø,48 - 48,79,47,32
≈¬πÈµø,49 - 49,63,35,28
≈¬πÈµø,50 - 50,70,37,33
≈¬πÈµø,51 - 51,72,33,39
≈¬πÈµø,52 - 52,103,65,38
≈¬πÈµø,53 - 53,87,44,43
≈¬πÈµø,54 - 54,73,45,28
≈¬πÈµø,55 - 55,83,41,42
≈¬πÈµø,56 - 56,77,45,32
≈¬πÈµø,57 - 57,92,41,51
≈¬πÈµø,58 - 58,87,58,29
≈¬πÈµø,59 - 59,79,36,43
≈¬πÈµø,60 - 60,129,53,76
≈¬πÈµø,61 - 61,120,61,59
≈¬πÈµø,62 - 62,99,53,46
≈¬πÈµø,63 - 63,103,56,47
≈¬πÈµø,64 - 64,116,63,53
≈¬πÈµø,65 - 65,90,34,56
≈¬πÈµø,66 - 66,104,46,58
≈¬πÈµø,67 - 67,92,40,52
≈¬πÈµø,68 - 68,98,50,48
≈¬πÈµø,69 - 69,89,42,47
≈¬πÈµø,70 - 70,71,27,44
≈¬πÈµø,71 - 71,78,32,46
≈¬πÈµø,72 - 72,91,35,56
≈¬πÈµø,73 - 73,84,41,43
≈¬πÈµø,74 - 74,71,35,36
≈¬πÈµø,75 - 75,63,33,30
≈¬πÈµø,76 - 76,68,26,42
≈¬πÈµø,77 - 77,61,24,37
≈¬πÈµø,78 - 78,68,24,44
≈¬πÈµø,79 - 79,62,26,36
≈¬πÈµø,80 - 80,50,24,26
≈¬πÈµø,81 - 81,54,22,32
≈¬πÈµø,82 - 82,59,21,38
≈¬πÈµø,83 - 83,40,18,22
≈¬πÈµø,84 - 84,50,14,36
≈¬πÈµø,85 - 85,29,9,20
≈¬πÈµø,86 - 86,27,6,21
≈¬πÈµø,87 - 87,23,11,12
≈¬πÈµø,88 - 88,22,4,18
≈¬πÈµø,89 - 89,12,4,8
≈¬πÈµø,90 - 90,9,0,9
≈¬πÈµø,91 - 91,15,5,10
≈¬πÈµø,92 - 92,12,5,7
≈¬πÈµø,93 - 93,5,0,5
≈¬πÈµø,94 - 94,1,0,1
≈¬πÈµø,95 - 95,2,1,1
≈¬πÈµø,97 - 97,2,0,2
≈¬πÈµø,100 - 100,1,0,1
≈¬πÈµø,102 - 102,1,0,1
∞Ê»≠µø,0 - 0,66,30,36
∞Ê»≠µø,1 - 1,99,55,44
∞Ê»≠µø,2 - 2,92,54,38
∞Ê»≠µø,3 - 3,100,56,44
∞Ê»≠µø,4 - 4,101,53,48
∞Ê»≠µø,5 - 5,103,56,47
∞Ê»≠µø,6 - 6,118,66,52
∞Ê»≠µø,7 - 7,94,44,50
∞Ê»≠µø,8 - 8,106,65,41
∞Ê»≠µø,9 - 9,109,60,49
∞Ê»≠µø,10 - 10,98,50,48
∞Ê»≠µø,11 - 11,90,41,49
∞Ê»≠µø,12 - 12,85,46,39
∞Ê»≠µø,13 - 13,122,62,60
∞Ê»≠µø,14 - 14,97,48,49
∞Ê»≠µø,15 - 15,95,57,38
∞Ê»≠µø,16 - 16,93,50,43
∞Ê»≠µø,17 - 17,98,52,46
∞Ê»≠µø,18 - 18,108,63,45
∞Ê»≠µø,19 - 19,107,58,49
∞Ê»≠µø,20 - 20,114,66,48
∞Ê»≠µø,21 - 21,128,70,58
∞Ê»≠µø,22 - 22,107,59,48
∞Ê»≠µø,23 - 23,108,63,45
∞Ê»≠µø,24 - 24,111,62,49
∞Ê»≠µø,25 - 25,110,69,41
∞Ê»≠µø,26 - 26,104,61,43
∞Ê»≠µø,27 - 27,128,78,50
∞Ê»≠µø,28 - 28,104,53,51
∞Ê»≠µø,29 - 29,112,56,56
∞Ê»≠µø,30 - 30,105,49,56
∞Ê»≠µø,31 - 31,113,66,47
∞Ê»≠µø,32 - 32,113,58,55
∞Ê»≠µø,33 - 33,134,69,65
∞Ê»≠µø,34 - 34,136,78,58
∞Ê»≠µø,35 - 35,149,85,64
∞Ê»≠µø,36 - 36,154,76,78
∞Ê»≠µø,37 - 37,154,94,60
∞Ê»≠µø,38 - 38,189,100,89
∞Ê»≠µø,39 - 39,204,104,100
∞Ê»≠µø,40 - 40,159,83,76
∞Ê»≠µø,41 - 41,200,97,103
∞Ê»≠µø,42 - 42,138,68,70
∞Ê»≠µø,43 - 43,161,86,75
∞Ê»≠µø,44 - 44,163,84,79
∞Ê»≠µø,45 - 45,163,80,83
∞Ê»≠µø,46 - 46,184,93,91
∞Ê»≠µø,47 - 47,191,100,91
∞Ê»≠µø,48 - 48,165,88,77
∞Ê»≠µø,49 - 49,198,108,90
∞Ê»≠µø,50 - 50,203,101,102
∞Ê»≠µø,51 - 51,174,87,87
∞Ê»≠µø,52 - 52,187,105,82
∞Ê»≠µø,53 - 53,168,87,81
∞Ê»≠µø,54 - 54,165,81,84
∞Ê»≠µø,55 - 55,191,92,99
∞Ê»≠µø,56 - 56,149,56,93
∞Ê»≠µø,57 - 57,146,66,80
∞Ê»≠µø,58 - 58,203,109,94
∞Ê»≠µø,59 - 59,188,87,101
∞Ê»≠µø,60 - 60,260,119,141
∞Ê»≠µø,61 - 61,217,98,119
∞Ê»≠µø,62 - 62,180,78,102
∞Ê»≠µø,63 - 63,192,103,89
∞Ê»≠µø,64 - 64,175,79,96
∞Ê»≠µø,65 - 65,181,89,92
∞Ê»≠µø,66 - 66,170,77,93
∞Ê»≠µø,67 - 67,155,89,66
∞Ê»≠µø,68 - 68,145,72,73
∞Ê»≠µø,69 - 69,130,56,74
∞Ê»≠µø,70 - 70,96,45,51
∞Ê»≠µø,71 - 71,99,53,46
∞Ê»≠µø,72 - 72,123,63,60
∞Ê»≠µø,73 - 73,99,52,47
∞Ê»≠µø,74 - 74,109,39,70
∞Ê»≠µø,75 - 75,72,32,40
∞Ê»≠µø,76 - 76,64,29,35
∞Ê»≠µø,77 - 77,68,33,35
∞Ê»≠µø,78 - 78,83,40,43
∞Ê»≠µø,79 - 79,73,32,41
∞Ê»≠µø,80 - 80,64,23,41
∞Ê»≠µø,81 - 81,61,24,37
∞Ê»≠µø,82 - 82,42,16,26
∞Ê»≠µø,83 - 83,47,14,33
∞Ê»≠µø,84 - 84,31,10,21
∞Ê»≠µø,85 - 85,43,14,29
∞Ê»≠µø,86 - 86,26,8,18
∞Ê»≠µø,87 - 87,35,12,23
∞Ê»≠µø,88 - 88,18,5,13
∞Ê»≠µø,89 - 89,17,2,15
∞Ê»≠µø,90 - 90,6,2,4
∞Ê»≠µø,91 - 91,9,1,8
∞Ê»≠µø,92 - 92,4,0,4
∞Ê»≠µø,93 - 93,9,4,5
∞Ê»≠µø,94 - 94,1,0,1
∞Ê»≠µø,95 - 95,5,1,4
∞Ê»≠µø,96 - 96,2,0,2
∞Ê»≠µø,98 - 98,1,0,1
∫¥æœµø,0 - 0,29,15,14
∫¥æœµø,1 - 1,28,18,10
∫¥æœµø,2 - 2,35,18,17
∫¥æœµø,3 - 3,45,23,22
∫¥æœµø,4 - 4,43,25,18
∫¥æœµø,5 - 5,69,35,34
∫¥æœµø,6 - 6,68,33,35
∫¥æœµø,7 - 7,56,29,27
∫¥æœµø,8 - 8,81,42,39
∫¥æœµø,9 - 9,72,34,38
∫¥æœµø,10 - 10,84,48,36
∫¥æœµø,11 - 11,68,32,36
∫¥æœµø,12 - 12,90,41,49
∫¥æœµø,13 - 13,86,34,52
∫¥æœµø,14 - 14,90,50,40
∫¥æœµø,15 - 15,68,40,28
∫¥æœµø,16 - 16,65,38,27
∫¥æœµø,17 - 17,66,43,23
∫¥æœµø,18 - 18,70,39,31
∫¥æœµø,19 - 19,79,44,35
∫¥æœµø,20 - 20,65,38,27
∫¥æœµø,21 - 21,71,40,31
∫¥æœµø,22 - 22,75,43,32
∫¥æœµø,23 - 23,77,35,42
∫¥æœµø,24 - 24,74,43,31
∫¥æœµø,25 - 25,87,52,35
∫¥æœµø,26 - 26,90,48,42
∫¥æœµø,27 - 27,85,41,44
∫¥æœµø,28 - 28,79,47,32
∫¥æœµø,29 - 29,68,33,35
∫¥æœµø,30 - 30,63,37,26
∫¥æœµø,31 - 31,79,40,39
∫¥æœµø,32 - 32,74,33,41
∫¥æœµø,33 - 33,69,37,32
∫¥æœµø,34 - 34,64,33,31
∫¥æœµø,35 - 35,70,39,31
∫¥æœµø,36 - 36,72,38,34
∫¥æœµø,37 - 37,77,48,29
∫¥æœµø,38 - 38,87,47,40
∫¥æœµø,39 - 39,126,62,64
∫¥æœµø,40 - 40,116,56,60
∫¥æœµø,41 - 41,134,54,80
∫¥æœµø,42 - 42,121,59,62
∫¥æœµø,43 - 43,108,57,51
∫¥æœµø,44 - 44,110,69,41
∫¥æœµø,45 - 45,114,56,58
∫¥æœµø,46 - 46,107,67,40
∫¥æœµø,47 - 47,147,67,80
∫¥æœµø,48 - 48,142,79,63
∫¥æœµø,49 - 49,133,67,66
∫¥æœµø,50 - 50,106,45,61
∫¥æœµø,51 - 51,115,50,65
∫¥æœµø,52 - 52,128,73,55
∫¥æœµø,53 - 53,127,65,62
∫¥æœµø,54 - 54,103,45,58
∫¥æœµø,55 - 55,106,47,59
∫¥æœµø,56 - 56,113,54,59
∫¥æœµø,57 - 57,112,57,55
∫¥æœµø,58 - 58,152,72,80
∫¥æœµø,59 - 59,113,56,57
∫¥æœµø,60 - 60,138,65,73
∫¥æœµø,61 - 61,144,65,79
∫¥æœµø,62 - 62,134,63,71
∫¥æœµø,63 - 63,122,66,56
∫¥æœµø,64 - 64,120,54,66
∫¥æœµø,65 - 65,116,49,67
∫¥æœµø,66 - 66,146,73,73
∫¥æœµø,67 - 67,99,36,63
∫¥æœµø,68 - 68,87,40,47
∫¥æœµø,69 - 69,96,45,51
∫¥æœµø,70 - 70,63,31,32
∫¥æœµø,71 - 71,74,35,39
∫¥æœµø,72 - 72,91,40,51
∫¥æœµø,73 - 73,87,41,46
∫¥æœµø,74 - 74,71,36,35
∫¥æœµø,75 - 75,47,20,27
∫¥æœµø,76 - 76,55,19,36
∫¥æœµø,77 - 77,50,21,29
∫¥æœµø,78 - 78,61,36,25
∫¥æœµø,79 - 79,71,25,46
∫¥æœµø,80 - 80,46,18,28
∫¥æœµø,81 - 81,57,17,40
∫¥æœµø,82 - 82,38,11,27
∫¥æœµø,83 - 83,42,12,30
∫¥æœµø,84 - 84,40,16,24
∫¥æœµø,85 - 85,33,11,22
∫¥æœµø,86 - 86,27,10,17
∫¥æœµø,87 - 87,18,7,11
∫¥æœµø,88 - 88,16,10,6
∫¥æœµø,89 - 89,11,2,9
∫¥æœµø,90 - 90,16,1,15
∫¥æœµø,91 - 91,11,1,10
∫¥æœµø,92 - 92,4,1,3
∫¥æœµø,93 - 93,2,0,2
∫¥æœµø,94 - 94,3,0,3
∫¥æœµø,95 - 95,1,0,1
∫¥æœµø,97 - 97,2,0,2
∫¥æœµø,99 - 99,1,0,1
∫¥æœµø,109 - 109,1,1,0
ºÆµø,0 - 0,60,24,36
ºÆµø,1 - 1,76,38,38
ºÆµø,2 - 2,94,54,40
ºÆµø,3 - 3,103,49,54
ºÆµø,4 - 4,117,55,62
ºÆµø,5 - 5,150,73,77
ºÆµø,6 - 6,176,91,85
ºÆµø,7 - 7,191,105,86
ºÆµø,8 - 8,218,116,102
ºÆµø,9 - 9,231,113,118
ºÆµø,10 - 10,239,130,109
ºÆµø,11 - 11,237,118,119
ºÆµø,12 - 12,267,125,142
ºÆµø,13 - 13,271,148,123
ºÆµø,14 - 14,264,127,137
ºÆµø,15 - 15,235,129,106
ºÆµø,16 - 16,233,115,118
ºÆµø,17 - 17,252,146,106
ºÆµø,18 - 18,198,106,92
ºÆµø,19 - 19,223,115,108
ºÆµø,20 - 20,239,122,117
ºÆµø,21 - 21,236,131,105
ºÆµø,22 - 22,203,121,82
ºÆµø,23 - 23,207,97,110
ºÆµø,24 - 24,209,110,99
ºÆµø,25 - 25,231,149,82
ºÆµø,26 - 26,212,132,80
ºÆµø,27 - 27,220,128,92
ºÆµø,28 - 28,215,129,86
ºÆµø,29 - 29,205,124,81
ºÆµø,30 - 30,195,104,91
ºÆµø,31 - 31,194,107,87
ºÆµø,32 - 32,191,116,75
ºÆµø,33 - 33,169,107,62
ºÆµø,34 - 34,190,98,92
ºÆµø,35 - 35,207,101,106
ºÆµø,36 - 36,190,105,85
ºÆµø,37 - 37,200,103,97
ºÆµø,38 - 38,254,118,136
ºÆµø,39 - 39,298,143,155
ºÆµø,40 - 40,304,142,162
ºÆµø,41 - 41,341,156,185
ºÆµø,42 - 42,343,150,193
ºÆµø,43 - 43,289,146,143
ºÆµø,44 - 44,330,146,184
ºÆµø,45 - 45,304,153,151
ºÆµø,46 - 46,359,170,189
ºÆµø,47 - 47,377,178,199
ºÆµø,48 - 48,390,196,194
ºÆµø,49 - 49,364,203,161
ºÆµø,50 - 50,386,215,171
ºÆµø,51 - 51,348,187,161
ºÆµø,52 - 52,312,183,129
ºÆµø,53 - 53,290,160,130
ºÆµø,54 - 54,250,124,126
ºÆµø,55 - 55,262,117,145
ºÆµø,56 - 56,227,109,118
ºÆµø,57 - 57,212,110,102
ºÆµø,58 - 58,249,115,134
ºÆµø,59 - 59,243,126,117
ºÆµø,60 - 60,301,156,145
ºÆµø,61 - 61,250,123,127
ºÆµø,62 - 62,240,119,121
ºÆµø,63 - 63,249,131,118
ºÆµø,64 - 64,208,112,96
ºÆµø,65 - 65,170,90,80
ºÆµø,66 - 66,196,90,106
ºÆµø,67 - 67,167,83,84
ºÆµø,68 - 68,148,75,73
ºÆµø,69 - 69,138,73,65
ºÆµø,70 - 70,104,49,55
ºÆµø,71 - 71,104,52,52
ºÆµø,72 - 72,84,45,39
ºÆµø,73 - 73,98,51,47
ºÆµø,74 - 74,66,23,43
ºÆµø,75 - 75,64,30,34
ºÆµø,76 - 76,63,25,38
ºÆµø,77 - 77,74,33,41
ºÆµø,78 - 78,62,27,35
ºÆµø,79 - 79,51,28,23
ºÆµø,80 - 80,50,21,29
ºÆµø,81 - 81,47,17,30
ºÆµø,82 - 82,38,21,17
ºÆµø,83 - 83,36,16,20
ºÆµø,84 - 84,35,16,19
ºÆµø,85 - 85,17,6,11
ºÆµø,86 - 86,18,2,16
ºÆµø,87 - 87,25,6,19
ºÆµø,88 - 88,19,7,12
ºÆµø,89 - 89,13,2,11
ºÆµø,90 - 90,10,2,8
ºÆµø,91 - 91,7,3,4
ºÆµø,92 - 92,8,2,6
ºÆµø,93 - 93,6,0,6
ºÆµø,94 - 94,4,0,4
ºÆµø,95 - 95,2,0,2
ºÆµø,96 - 96,5,2,3
ºÆµø,97 - 97,3,2,1
ºÆµø,101 - 101,1,0,1
ºÆµø,104 - 104,1,0,1
¿Ãµø,0 - 0,18,11,7
¿Ãµø,1 - 1,17,12,5
¿Ãµø,2 - 2,25,14,11
¿Ãµø,3 - 3,24,16,8
¿Ãµø,4 - 4,42,15,27
¿Ãµø,5 - 5,43,27,16
¿Ãµø,6 - 6,46,26,20
¿Ãµø,7 - 7,46,22,24
¿Ãµø,8 - 8,36,20,16
¿Ãµø,9 - 9,41,20,21
¿Ãµø,10 - 10,57,31,26
¿Ãµø,11 - 11,41,20,21
¿Ãµø,12 - 12,62,30,32
¿Ãµø,13 - 13,50,27,23
¿Ãµø,14 - 14,55,29,26
¿Ãµø,15 - 15,38,24,14
¿Ãµø,16 - 16,59,34,25
¿Ãµø,17 - 17,49,28,21
¿Ãµø,18 - 18,53,29,24
¿Ãµø,19 - 19,64,38,26
¿Ãµø,20 - 20,67,41,26
¿Ãµø,21 - 21,90,45,45
¿Ãµø,22 - 22,96,52,44
¿Ãµø,23 - 23,89,57,32
¿Ãµø,24 - 24,111,73,38
¿Ãµø,25 - 25,110,70,40
¿Ãµø,26 - 26,114,68,46
¿Ãµø,27 - 27,127,89,38
¿Ãµø,28 - 28,128,70,58
¿Ãµø,29 - 29,142,85,57
¿Ãµø,30 - 30,89,58,31
¿Ãµø,31 - 31,105,66,39
¿Ãµø,32 - 32,89,53,36
¿Ãµø,33 - 33,85,51,34
¿Ãµø,34 - 34,106,71,35
¿Ãµø,35 - 35,95,61,34
¿Ãµø,36 - 36,97,58,39
¿Ãµø,37 - 37,90,60,30
¿Ãµø,38 - 38,109,60,49
¿Ãµø,39 - 39,112,63,49
¿Ãµø,40 - 40,131,86,45
¿Ãµø,41 - 41,136,72,64
¿Ãµø,42 - 42,105,63,42
¿Ãµø,43 - 43,107,67,40
¿Ãµø,44 - 44,140,82,58
¿Ãµø,45 - 45,104,64,40
¿Ãµø,46 - 46,169,104,65
¿Ãµø,47 - 47,130,75,55
¿Ãµø,48 - 48,138,83,55
¿Ãµø,49 - 49,133,65,68
¿Ãµø,50 - 50,144,84,60
¿Ãµø,51 - 51,143,65,78
¿Ãµø,52 - 52,147,83,64
¿Ãµø,53 - 53,171,93,78
¿Ãµø,54 - 54,108,49,59
¿Ãµø,55 - 55,141,73,68
¿Ãµø,56 - 56,158,82,76
¿Ãµø,57 - 57,136,74,62
¿Ãµø,58 - 58,188,82,106
¿Ãµø,59 - 59,162,77,85
¿Ãµø,60 - 60,189,85,104
¿Ãµø,61 - 61,183,92,91
¿Ãµø,62 - 62,195,83,112
¿Ãµø,63 - 63,186,81,105
¿Ãµø,64 - 64,173,77,96
¿Ãµø,65 - 65,161,66,95
¿Ãµø,66 - 66,196,102,94
¿Ãµø,67 - 67,143,88,55
¿Ãµø,68 - 68,120,57,63
¿Ãµø,69 - 69,147,71,76
¿Ãµø,70 - 70,95,42,53
¿Ãµø,71 - 71,101,50,51
¿Ãµø,72 - 72,115,60,55
¿Ãµø,73 - 73,101,46,55
¿Ãµø,74 - 74,84,45,39
¿Ãµø,75 - 75,61,28,33
¿Ãµø,76 - 76,63,25,38
¿Ãµø,77 - 77,67,30,37
¿Ãµø,78 - 78,85,29,56
¿Ãµø,79 - 79,59,34,25
¿Ãµø,80 - 80,51,21,30
¿Ãµø,81 - 81,48,21,27
¿Ãµø,82 - 82,52,18,34
¿Ãµø,83 - 83,31,13,18
¿Ãµø,84 - 84,41,10,31
¿Ãµø,85 - 85,27,12,15
¿Ãµø,86 - 86,29,9,20
¿Ãµø,87 - 87,19,5,14
¿Ãµø,88 - 88,13,4,9
¿Ãµø,89 - 89,14,2,12
¿Ãµø,90 - 90,9,0,9
¿Ãµø,91 - 91,11,1,10
¿Ãµø,92 - 92,11,1,10
¿Ãµø,93 - 93,4,0,4
¿Ãµø,94 - 94,2,1,1
¿Ãµø,95 - 95,2,0,2
¿Ãµø,96 - 96,1,0,1
¿Ãµø,97 - 97,1,0,1
¿Ãµø,98 - 98,3,1,2
¿Ãµø,99 - 99,1,0,1
¿Ãµø,101 - 101,1,0,1
¿⁄¿∫µø,0 - 0,129,68,61
¿⁄¿∫µø,1 - 1,151,86,65
¿⁄¿∫µø,2 - 2,173,94,79
¿⁄¿∫µø,3 - 3,181,75,106
¿⁄¿∫µø,4 - 4,238,125,113
¿⁄¿∫µø,5 - 5,294,148,146
¿⁄¿∫µø,6 - 6,279,142,137
¿⁄¿∫µø,7 - 7,263,139,124
¿⁄¿∫µø,8 - 8,311,144,167
¿⁄¿∫µø,9 - 9,294,157,137
¿⁄¿∫µø,10 - 10,284,141,143
¿⁄¿∫µø,11 - 11,257,136,121
¿⁄¿∫µø,12 - 12,223,118,105
¿⁄¿∫µø,13 - 13,225,109,116
¿⁄¿∫µø,14 - 14,238,117,121
¿⁄¿∫µø,15 - 15,204,101,103
¿⁄¿∫µø,16 - 16,191,103,88
¿⁄¿∫µø,17 - 17,216,117,99
¿⁄¿∫µø,18 - 18,197,99,98
¿⁄¿∫µø,19 - 19,208,115,93
¿⁄¿∫µø,20 - 20,228,126,102
¿⁄¿∫µø,21 - 21,251,137,114
¿⁄¿∫µø,22 - 22,232,126,106
¿⁄¿∫µø,23 - 23,238,136,102
¿⁄¿∫µø,24 - 24,230,127,103
¿⁄¿∫µø,25 - 25,233,123,110
¿⁄¿∫µø,26 - 26,215,121,94
¿⁄¿∫µø,27 - 27,182,98,84
¿⁄¿∫µø,28 - 28,215,115,100
¿⁄¿∫µø,29 - 29,237,116,121
¿⁄¿∫µø,30 - 30,208,115,93
¿⁄¿∫µø,31 - 31,247,136,111
¿⁄¿∫µø,32 - 32,236,118,118
¿⁄¿∫µø,33 - 33,255,124,131
¿⁄¿∫µø,34 - 34,256,136,120
¿⁄¿∫µø,35 - 35,306,159,147
¿⁄¿∫µø,36 - 36,287,127,160
¿⁄¿∫µø,37 - 37,393,195,198
¿⁄¿∫µø,38 - 38,448,221,227
¿⁄¿∫µø,39 - 39,464,246,218
¿⁄¿∫µø,40 - 40,456,231,225
¿⁄¿∫µø,41 - 41,451,228,223
¿⁄¿∫µø,42 - 42,407,187,220
¿⁄¿∫µø,43 - 43,377,195,182
¿⁄¿∫µø,44 - 44,341,187,154
¿⁄¿∫µø,45 - 45,326,168,158
¿⁄¿∫µø,46 - 46,336,175,161
¿⁄¿∫µø,47 - 47,360,175,185
¿⁄¿∫µø,48 - 48,350,182,168
¿⁄¿∫µø,49 - 49,362,180,182
¿⁄¿∫µø,50 - 50,391,193,198
¿⁄¿∫µø,51 - 51,341,158,183
¿⁄¿∫µø,52 - 52,408,194,214
¿⁄¿∫µø,53 - 53,358,158,200
¿⁄¿∫µø,54 - 54,350,178,172
¿⁄¿∫µø,55 - 55,323,160,163
¿⁄¿∫µø,56 - 56,307,156,151
¿⁄¿∫µø,57 - 57,296,140,156
¿⁄¿∫µø,58 - 58,337,164,173
¿⁄¿∫µø,59 - 59,313,155,158
¿⁄¿∫µø,60 - 60,362,173,189
¿⁄¿∫µø,61 - 61,372,187,185
¿⁄¿∫µø,62 - 62,303,142,161
¿⁄¿∫µø,63 - 63,285,143,142
¿⁄¿∫µø,64 - 64,298,146,152
¿⁄¿∫µø,65 - 65,269,126,143
¿⁄¿∫µø,66 - 66,262,133,129
¿⁄¿∫µø,67 - 67,197,105,92
¿⁄¿∫µø,68 - 68,190,104,86
¿⁄¿∫µø,69 - 69,165,87,78
¿⁄¿∫µø,70 - 70,131,65,66
¿⁄¿∫µø,71 - 71,130,68,62
¿⁄¿∫µø,72 - 72,127,58,69
¿⁄¿∫µø,73 - 73,127,68,59
¿⁄¿∫µø,74 - 74,114,53,61
¿⁄¿∫µø,75 - 75,76,36,40
¿⁄¿∫µø,76 - 76,74,26,48
¿⁄¿∫µø,77 - 77,76,30,46
¿⁄¿∫µø,78 - 78,94,33,61
¿⁄¿∫µø,79 - 79,85,28,57
¿⁄¿∫µø,80 - 80,62,22,40
¿⁄¿∫µø,81 - 81,59,21,38
¿⁄¿∫µø,82 - 82,60,21,39
¿⁄¿∫µø,83 - 83,47,10,37
¿⁄¿∫µø,84 - 84,57,15,42
¿⁄¿∫µø,85 - 85,35,11,24
¿⁄¿∫µø,86 - 86,46,10,36
¿⁄¿∫µø,87 - 87,29,11,18
¿⁄¿∫µø,88 - 88,29,8,21
¿⁄¿∫µø,89 - 89,25,6,19
¿⁄¿∫µø,90 - 90,15,4,11
¿⁄¿∫µø,91 - 91,11,3,8
¿⁄¿∫µø,92 - 92,10,4,6
¿⁄¿∫µø,93 - 93,5,0,5
¿⁄¿∫µø,94 - 94,2,0,2
¿⁄¿∫µø,95 - 95,2,0,2
¿⁄¿∫µø,96 - 96,3,1,2
¿⁄¿∫µø,97 - 97,2,0,2
¿⁄¿∫µø,98 - 98,1,0,1
¿⁄¿∫µø,99 - 99,1,0,1
¿⁄¿∫µø,101 - 101,1,0,1
¥ˆªÍµø,0 - 0,90,52,38
¥ˆªÍµø,1 - 1,67,38,29
¥ˆªÍµø,2 - 2,95,43,52
¥ˆªÍµø,3 - 3,89,45,44
¥ˆªÍµø,4 - 4,91,53,38
¥ˆªÍµø,5 - 5,107,50,57
¥ˆªÍµø,6 - 6,114,61,53
¥ˆªÍµø,7 - 7,125,61,64
¥ˆªÍµø,8 - 8,119,67,52
¥ˆªÍµø,9 - 9,132,68,64
¥ˆªÍµø,10 - 10,123,62,61
¥ˆªÍµø,11 - 11,128,64,64
¥ˆªÍµø,12 - 12,130,64,66
¥ˆªÍµø,13 - 13,123,48,75
¥ˆªÍµø,14 - 14,146,86,60
¥ˆªÍµø,15 - 15,107,61,46
¥ˆªÍµø,16 - 16,93,48,45
¥ˆªÍµø,17 - 17,135,69,66
¥ˆªÍµø,18 - 18,109,68,41
¥ˆªÍµø,19 - 19,102,56,46
¥ˆªÍµø,20 - 20,111,64,47
¥ˆªÍµø,21 - 21,120,61,59
¥ˆªÍµø,22 - 22,125,76,49
¥ˆªÍµø,23 - 23,86,51,35
¥ˆªÍµø,24 - 24,110,65,45
¥ˆªÍµø,25 - 25,118,82,36
¥ˆªÍµø,26 - 26,92,44,48
¥ˆªÍµø,27 - 27,129,68,61
¥ˆªÍµø,28 - 28,133,76,57
¥ˆªÍµø,29 - 29,143,79,64
¥ˆªÍµø,30 - 30,107,53,54
¥ˆªÍµø,31 - 31,112,58,54
¥ˆªÍµø,32 - 32,130,53,77
¥ˆªÍµø,33 - 33,114,62,52
¥ˆªÍµø,34 - 34,116,68,48
¥ˆªÍµø,35 - 35,107,61,46
¥ˆªÍµø,36 - 36,105,56,49
¥ˆªÍµø,37 - 37,117,59,58
¥ˆªÍµø,38 - 38,152,73,79
¥ˆªÍµø,39 - 39,194,95,99
¥ˆªÍµø,40 - 40,164,71,93
¥ˆªÍµø,41 - 41,198,90,108
¥ˆªÍµø,42 - 42,184,81,103
¥ˆªÍµø,43 - 43,173,94,79
¥ˆªÍµø,44 - 44,164,83,81
¥ˆªÍµø,45 - 45,185,84,101
¥ˆªÍµø,46 - 46,164,90,74
¥ˆªÍµø,47 - 47,170,81,89
¥ˆªÍµø,48 - 48,155,85,70
¥ˆªÍµø,49 - 49,161,85,76
¥ˆªÍµø,50 - 50,169,80,89
¥ˆªÍµø,51 - 51,150,92,58
¥ˆªÍµø,52 - 52,163,87,76
¥ˆªÍµø,53 - 53,140,66,74
¥ˆªÍµø,54 - 54,135,66,69
¥ˆªÍµø,55 - 55,131,58,73
¥ˆªÍµø,56 - 56,139,71,68
¥ˆªÍµø,57 - 57,123,59,64
¥ˆªÍµø,58 - 58,149,68,81
¥ˆªÍµø,59 - 59,116,51,65
¥ˆªÍµø,60 - 60,154,77,77
¥ˆªÍµø,61 - 61,168,63,105
¥ˆªÍµø,62 - 62,161,67,94
¥ˆªÍµø,63 - 63,126,51,75
¥ˆªÍµø,64 - 64,111,53,58
¥ˆªÍµø,65 - 65,138,71,67
¥ˆªÍµø,66 - 66,139,61,78
¥ˆªÍµø,67 - 67,117,48,69
¥ˆªÍµø,68 - 68,115,55,60
¥ˆªÍµø,69 - 69,109,60,49
¥ˆªÍµø,70 - 70,81,38,43
¥ˆªÍµø,71 - 71,94,29,65
¥ˆªÍµø,72 - 72,82,43,39
¥ˆªÍµø,73 - 73,65,27,38
¥ˆªÍµø,74 - 74,71,28,43
¥ˆªÍµø,75 - 75,53,26,27
¥ˆªÍµø,76 - 76,60,28,32
¥ˆªÍµø,77 - 77,48,18,30
¥ˆªÍµø,78 - 78,78,28,50
¥ˆªÍµø,79 - 79,51,17,34
¥ˆªÍµø,80 - 80,49,17,32
¥ˆªÍµø,81 - 81,57,25,32
¥ˆªÍµø,82 - 82,34,15,19
¥ˆªÍµø,83 - 83,38,12,26
¥ˆªÍµø,84 - 84,28,3,25
¥ˆªÍµø,85 - 85,32,6,26
¥ˆªÍµø,86 - 86,21,9,12
¥ˆªÍµø,87 - 87,33,4,29
¥ˆªÍµø,88 - 88,18,4,14
¥ˆªÍµø,89 - 89,10,3,7
¥ˆªÍµø,90 - 90,7,1,6
¥ˆªÍµø,91 - 91,7,1,6
¥ˆªÍµø,92 - 92,8,3,5
¥ˆªÍµø,93 - 93,1,0,1
¥ˆªÍµø,94 - 94,2,1,1
¥ˆªÍµø,95 - 95,3,0,3
¥ˆªÍµø,96 - 96,1,0,1
¥ˆªÍµø,101 - 101,1,0,1
«≥»£µø,0 - 0,191,95,96
«≥»£µø,1 - 1,198,116,82
«≥»£µø,2 - 2,239,117,122
«≥»£µø,3 - 3,299,161,138
«≥»£µø,4 - 4,317,168,149
«≥»£µø,5 - 5,387,220,167
«≥»£µø,6 - 6,392,208,184
«≥»£µø,7 - 7,415,223,192
«≥»£µø,8 - 8,460,244,216
«≥»£µø,9 - 9,423,230,193
«≥»£µø,10 - 10,419,226,193
«≥»£µø,11 - 11,364,196,168
«≥»£µø,12 - 12,405,199,206
«≥»£µø,13 - 13,382,196,186
«≥»£µø,14 - 14,321,147,174
«≥»£µø,15 - 15,298,151,147
«≥»£µø,16 - 16,280,126,154
«≥»£µø,17 - 17,299,157,142
«≥»£µø,18 - 18,271,146,125
«≥»£µø,19 - 19,251,120,131
«≥»£µø,20 - 20,259,133,126
«≥»£µø,21 - 21,269,133,136
«≥»£µø,22 - 22,234,142,92
«≥»£µø,23 - 23,187,115,72
«≥»£µø,24 - 24,207,121,86
«≥»£µø,25 - 25,225,123,102
«≥»£µø,26 - 26,193,117,76
«≥»£µø,27 - 27,218,124,94
«≥»£µø,28 - 28,238,128,110
«≥»£µø,29 - 29,219,118,101
«≥»£µø,30 - 30,228,111,117
«≥»£µø,31 - 31,246,119,127
«≥»£µø,32 - 32,275,125,150
«≥»£µø,33 - 33,285,136,149
«≥»£µø,34 - 34,326,152,174
«≥»£µø,35 - 35,380,175,205
«≥»£µø,36 - 36,377,179,198
«≥»£µø,37 - 37,472,231,241
«≥»£µø,38 - 38,523,268,255
«≥»£µø,39 - 39,587,264,323
«≥»£µø,40 - 40,655,307,348
«≥»£µø,41 - 41,622,286,336
«≥»£µø,42 - 42,575,302,273
«≥»£µø,43 - 43,506,255,251
«≥»£µø,44 - 44,458,241,217
«≥»£µø,45 - 45,450,235,215
«≥»£µø,46 - 46,487,246,241
«≥»£µø,47 - 47,522,272,250
«≥»£µø,48 - 48,445,235,210
«≥»£µø,49 - 49,399,209,190
«≥»£µø,50 - 50,424,223,201
«≥»£µø,51 - 51,358,159,199
«≥»£µø,52 - 52,344,174,170
«≥»£µø,53 - 53,329,162,167
«≥»£µø,54 - 54,316,155,161
«≥»£µø,55 - 55,325,134,191
«≥»£µø,56 - 56,313,152,161
«≥»£µø,57 - 57,314,155,159
«≥»£µø,58 - 58,390,192,198
«≥»£µø,59 - 59,347,163,184
«≥»£µø,60 - 60,411,178,233
«≥»£µø,61 - 61,410,199,211
«≥»£µø,62 - 62,339,157,182
«≥»£µø,63 - 63,333,174,159
«≥»£µø,64 - 64,299,146,153
«≥»£µø,65 - 65,292,167,125
«≥»£µø,66 - 66,310,161,149
«≥»£µø,67 - 67,209,106,103
«≥»£µø,68 - 68,203,114,89
«≥»£µø,69 - 69,196,81,115
«≥»£µø,70 - 70,141,67,74
«≥»£µø,71 - 71,125,68,57
«≥»£µø,72 - 72,157,83,74
«≥»£µø,73 - 73,123,62,61
«≥»£µø,74 - 74,126,55,71
«≥»£µø,75 - 75,79,42,37
«≥»£µø,76 - 76,108,36,72
«≥»£µø,77 - 77,80,41,39
«≥»£µø,78 - 78,81,33,48
«≥»£µø,79 - 79,92,25,67
«≥»£µø,80 - 80,72,39,33
«≥»£µø,81 - 81,63,23,40
«≥»£µø,82 - 82,61,29,32
«≥»£µø,83 - 83,68,31,37
«≥»£µø,84 - 84,60,25,35
«≥»£µø,85 - 85,43,13,30
«≥»£µø,86 - 86,27,6,21
«≥»£µø,87 - 87,34,8,26
«≥»£µø,88 - 88,30,12,18
«≥»£µø,89 - 89,25,4,21
«≥»£µø,90 - 90,16,3,13
«≥»£µø,91 - 91,12,0,12
«≥»£µø,92 - 92,9,2,7
«≥»£µø,93 - 93,7,1,6
«≥»£µø,94 - 94,3,0,3
«≥»£µø,95 - 95,4,0,4
«≥»£µø,96 - 96,1,1,0
«≥»£µø,97 - 97,4,0,4
«≥»£µø,100 - 100,1,0,1
øı√µµø,0 - 0,138,69,69
øı√µµø,1 - 1,165,87,78
øı√µµø,2 - 2,185,93,92
øı√µµø,3 - 3,178,96,82
øı√µµø,4 - 4,201,97,104
øı√µµø,5 - 5,198,105,93
øı√µµø,6 - 6,183,108,75
øı√µµø,7 - 7,183,93,90
øı√µµø,8 - 8,191,104,87
øı√µµø,9 - 9,179,100,79
øı√µµø,10 - 10,144,78,66
øı√µµø,11 - 11,120,63,57
øı√µµø,12 - 12,125,54,71
øı√µµø,13 - 13,96,50,46
øı√µµø,14 - 14,87,39,48
øı√µµø,15 - 15,80,45,35
øı√µµø,16 - 16,63,28,35
øı√µµø,17 - 17,94,44,50
øı√µµø,18 - 18,81,36,45
øı√µµø,19 - 19,100,53,47
øı√µµø,20 - 20,115,67,48
øı√µµø,21 - 21,111,61,50
øı√µµø,22 - 22,118,60,58
øı√µµø,23 - 23,111,68,43
øı√µµø,24 - 24,116,70,46
øı√µµø,25 - 25,113,53,60
øı√µµø,26 - 26,122,57,65
øı√µµø,27 - 27,136,71,65
øı√µµø,28 - 28,157,81,76
øı√µµø,29 - 29,166,76,90
øı√µµø,30 - 30,184,90,94
øı√µµø,31 - 31,192,97,95
øı√µµø,32 - 32,204,102,102
øı√µµø,33 - 33,235,119,116
øı√µµø,34 - 34,223,103,120
øı√µµø,35 - 35,272,133,139
øı√µµø,36 - 36,241,116,125
øı√µµø,37 - 37,254,137,117
øı√µµø,38 - 38,298,161,137
øı√µµø,39 - 39,317,163,154
øı√µµø,40 - 40,285,151,134
øı√µµø,41 - 41,246,129,117
øı√µµø,42 - 42,242,126,116
øı√µµø,43 - 43,205,116,89
øı√µµø,44 - 44,219,125,94
øı√µµø,45 - 45,171,91,80
øı√µµø,46 - 46,171,95,76
øı√µµø,47 - 47,187,102,85
øı√µµø,48 - 48,218,102,116
øı√µµø,49 - 49,199,112,87
øı√µµø,50 - 50,204,97,107
øı√µµø,51 - 51,211,112,99
øı√µµø,52 - 52,185,89,96
øı√µµø,53 - 53,174,89,85
øı√µµø,54 - 54,188,94,94
øı√µµø,55 - 55,164,90,74
øı√µµø,56 - 56,162,88,74
øı√µµø,57 - 57,167,88,79
øı√µµø,58 - 58,192,108,84
øı√µµø,59 - 59,142,67,75
øı√µµø,60 - 60,219,101,118
øı√µµø,61 - 61,207,92,115
øı√µµø,62 - 62,184,87,97
øı√µµø,63 - 63,154,87,67
øı√µµø,64 - 64,156,82,74
øı√µµø,65 - 65,144,78,66
øı√µµø,66 - 66,161,85,76
øı√µµø,67 - 67,99,51,48
øı√µµø,68 - 68,99,60,39
øı√µµø,69 - 69,99,53,46
øı√µµø,70 - 70,82,44,38
øı√µµø,71 - 71,77,40,37
øı√µµø,72 - 72,87,48,39
øı√µµø,73 - 73,60,25,35
øı√µµø,74 - 74,73,33,40
øı√µµø,75 - 75,45,20,25
øı√µµø,76 - 76,57,25,32
øı√µµø,77 - 77,52,19,33
øı√µµø,78 - 78,54,18,36
øı√µµø,79 - 79,58,23,35
øı√µµø,80 - 80,60,20,40
øı√µµø,81 - 81,43,20,23
øı√µµø,82 - 82,49,14,35
øı√µµø,83 - 83,27,8,19
øı√µµø,84 - 84,43,14,29
øı√µµø,85 - 85,49,13,36
øı√µµø,86 - 86,32,12,20
øı√µµø,87 - 87,23,10,13
øı√µµø,88 - 88,14,3,11
øı√µµø,89 - 89,21,6,15
øı√µµø,90 - 90,11,3,8
øı√µµø,91 - 91,5,1,4
øı√µµø,92 - 92,6,2,4
øı√µµø,93 - 93,4,1,3
øı√µµø,94 - 94,5,1,4
øı√µµø,95 - 95,5,1,4
øı√µµø,97 - 97,2,1,1
øı√µµø,98 - 98,1,0,1
øı√µµø,100 - 100,1,1,0
øıµø1µø,0 - 0,22,8,14
øıµø1µø,1 - 1,32,12,20
øıµø1µø,2 - 2,39,20,19
øıµø1µø,3 - 3,35,19,16
øıµø1µø,4 - 4,52,24,28
øıµø1µø,5 - 5,53,28,25
øıµø1µø,6 - 6,56,34,22
øıµø1µø,7 - 7,54,26,28
øıµø1µø,8 - 8,63,38,25
øıµø1µø,9 - 9,65,37,28
øıµø1µø,10 - 10,83,44,39
øıµø1µø,11 - 11,58,30,28
øıµø1µø,12 - 12,64,27,37
øıµø1µø,13 - 13,64,27,37
øıµø1µø,14 - 14,67,36,31
øıµø1µø,15 - 15,72,33,39
øıµø1µø,16 - 16,73,42,31
øıµø1µø,17 - 17,70,43,27
øıµø1µø,18 - 18,61,24,37
øıµø1µø,19 - 19,63,37,26
øıµø1µø,20 - 20,62,38,24
øıµø1µø,21 - 21,66,33,33
øıµø1µø,22 - 22,59,31,28
øıµø1µø,23 - 23,59,41,18
øıµø1µø,24 - 24,62,39,23
øıµø1µø,25 - 25,59,37,22
øıµø1µø,26 - 26,62,33,29
øıµø1µø,27 - 27,58,37,21
øıµø1µø,28 - 28,70,40,30
øıµø1µø,29 - 29,46,24,22
øıµø1µø,30 - 30,44,23,21
øıµø1µø,31 - 31,59,25,34
øıµø1µø,32 - 32,38,20,18
øıµø1µø,33 - 33,67,33,34
øıµø1µø,34 - 34,67,38,29
øıµø1µø,35 - 35,77,44,33
øıµø1µø,36 - 36,69,39,30
øıµø1µø,37 - 37,77,49,28
øıµø1µø,38 - 38,100,51,49
øıµø1µø,39 - 39,101,54,47
øıµø1µø,40 - 40,98,46,52
øıµø1µø,41 - 41,89,42,47
øıµø1µø,42 - 42,101,56,45
øıµø1µø,43 - 43,121,58,63
øıµø1µø,44 - 44,104,51,53
øıµø1µø,45 - 45,94,47,47
øıµø1µø,46 - 46,113,59,54
øıµø1µø,47 - 47,131,73,58
øıµø1µø,48 - 48,119,73,46
øıµø1µø,49 - 49,105,54,51
øıµø1µø,50 - 50,110,77,33
øıµø1µø,51 - 51,94,49,45
øıµø1µø,52 - 52,112,59,53
øıµø1µø,53 - 53,110,53,57
øıµø1µø,54 - 54,89,43,46
øıµø1µø,55 - 55,116,68,48
øıµø1µø,56 - 56,104,56,48
øıµø1µø,57 - 57,116,58,58
øıµø1µø,58 - 58,112,53,59
øıµø1µø,59 - 59,112,57,55
øıµø1µø,60 - 60,137,76,61
øıµø1µø,61 - 61,130,60,70
øıµø1µø,62 - 62,99,46,53
øıµø1µø,63 - 63,112,56,56
øıµø1µø,64 - 64,97,45,52
øıµø1µø,65 - 65,107,50,57
øıµø1µø,66 - 66,95,44,51
øıµø1µø,67 - 67,76,43,33
øıµø1µø,68 - 68,60,31,29
øıµø1µø,69 - 69,84,53,31
øıµø1µø,70 - 70,80,40,40
øıµø1µø,71 - 71,62,33,29
øıµø1µø,72 - 72,52,26,26
øıµø1µø,73 - 73,55,23,32
øıµø1µø,74 - 74,45,28,17
øıµø1µø,75 - 75,32,16,16
øıµø1µø,76 - 76,47,22,25
øıµø1µø,77 - 77,24,12,12
øıµø1µø,78 - 78,41,14,27
øıµø1µø,79 - 79,50,20,30
øıµø1µø,80 - 80,42,15,27
øıµø1µø,81 - 81,33,6,27
øıµø1µø,82 - 82,34,8,26
øıµø1µø,83 - 83,25,6,19
øıµø1µø,84 - 84,23,8,15
øıµø1µø,85 - 85,25,6,19
øıµø1µø,86 - 86,19,7,12
øıµø1µø,87 - 87,22,5,17
øıµø1µø,88 - 88,21,5,16
øıµø1µø,89 - 89,19,4,15
øıµø1µø,90 - 90,10,1,9
øıµø1µø,91 - 91,8,0,8
øıµø1µø,92 - 92,7,2,5
øıµø1µø,93 - 93,6,1,5
øıµø1µø,94 - 94,4,1,3
øıµø1µø,95 - 95,5,1,4
øıµø1µø,96 - 96,1,0,1
øıµø1µø,97 - 97,1,0,1
øıµø1µø,98 - 98,2,0,2
øıµø2µø,0 - 0,304,147,157
øıµø2µø,1 - 1,335,186,149
øıµø2µø,2 - 2,338,156,182
øıµø2µø,3 - 3,378,220,158
øıµø2µø,4 - 4,444,217,227
øıµø2µø,5 - 5,493,249,244
øıµø2µø,6 - 6,505,257,248
øıµø2µø,7 - 7,526,267,259
øıµø2µø,8 - 8,550,293,257
øıµø2µø,9 - 9,600,310,290
øıµø2µø,10 - 10,602,291,311
øıµø2µø,11 - 11,591,320,271
øıµø2µø,12 - 12,534,265,269
øıµø2µø,13 - 13,607,294,313
øıµø2µø,14 - 14,545,284,261
øıµø2µø,15 - 15,490,257,233
øıµø2µø,16 - 16,478,240,238
øıµø2µø,17 - 17,505,274,231
øıµø2µø,18 - 18,469,266,203
øıµø2µø,19 - 19,481,257,224
øıµø2µø,20 - 20,489,262,227
øıµø2µø,21 - 21,501,266,235
øıµø2µø,22 - 22,420,232,188
øıµø2µø,23 - 23,391,202,189
øıµø2µø,24 - 24,427,233,194
øıµø2µø,25 - 25,416,255,161
øıµø2µø,26 - 26,423,259,164
øıµø2µø,27 - 27,453,268,185
øıµø2µø,28 - 28,500,296,204
øıµø2µø,29 - 29,533,324,209
øıµø2µø,30 - 30,467,265,202
øıµø2µø,31 - 31,505,269,236
øıµø2µø,32 - 32,512,290,222
øıµø2µø,33 - 33,524,284,240
øıµø2µø,34 - 34,517,265,252
øıµø2µø,35 - 35,543,288,255
øıµø2µø,36 - 36,670,354,316
øıµø2µø,37 - 37,752,391,361
øıµø2µø,38 - 38,920,519,401
øıµø2µø,39 - 39,"1,035",562,473
øıµø2µø,40 - 40,"1,071",603,468
øıµø2µø,41 - 41,993,527,466
øıµø2µø,42 - 42,"1,030",586,444
øıµø2µø,43 - 43,912,493,419
øıµø2µø,44 - 44,934,500,434
øıµø2µø,45 - 45,871,502,369
øıµø2µø,46 - 46,917,499,418
øıµø2µø,47 - 47,965,537,428
øıµø2µø,48 - 48,960,536,424
øıµø2µø,49 - 49,874,520,354
øıµø2µø,50 - 50,881,517,364
øıµø2µø,51 - 51,788,464,324
øıµø2µø,52 - 52,739,426,313
øıµø2µø,53 - 53,630,368,262
øıµø2µø,54 - 54,618,362,256
øıµø2µø,55 - 55,566,338,228
øıµø2µø,56 - 56,503,284,219
øıµø2µø,57 - 57,441,268,173
øıµø2µø,58 - 58,503,291,212
øıµø2µø,59 - 59,431,225,206
øıµø2µø,60 - 60,473,261,212
øıµø2µø,61 - 61,430,226,204
øıµø2µø,62 - 62,425,199,226
øıµø2µø,63 - 63,413,233,180
øıµø2µø,64 - 64,379,195,184
øıµø2µø,65 - 65,357,165,192
øıµø2µø,66 - 66,341,157,184
øıµø2µø,67 - 67,313,157,156
øıµø2µø,68 - 68,266,135,131
øıµø2µø,69 - 69,266,124,142
øıµø2µø,70 - 70,199,88,111
øıµø2µø,71 - 71,202,77,125
øıµø2µø,72 - 72,183,92,91
øıµø2µø,73 - 73,197,107,90
øıµø2µø,74 - 74,195,93,102
øıµø2µø,75 - 75,121,60,61
øıµø2µø,76 - 76,133,68,65
øıµø2µø,77 - 77,120,58,62
øıµø2µø,78 - 78,141,61,80
øıµø2µø,79 - 79,113,56,57
øıµø2µø,80 - 80,96,35,61
øıµø2µø,81 - 81,82,29,53
øıµø2µø,82 - 82,75,35,40
øıµø2µø,83 - 83,77,29,48
øıµø2µø,84 - 84,58,21,37
øıµø2µø,85 - 85,52,17,35
øıµø2µø,86 - 86,45,13,32
øıµø2µø,87 - 87,27,8,19
øıµø2µø,88 - 88,24,8,16
øıµø2µø,89 - 89,18,4,14
øıµø2µø,90 - 90,26,6,20
øıµø2µø,91 - 91,12,2,10
øıµø2µø,92 - 92,12,4,8
øıµø2µø,93 - 93,9,1,8
øıµø2µø,94 - 94,9,0,9
øıµø2µø,95 - 95,3,0,3
øıµø2µø,96 - 96,6,2,4
øıµø2µø,97 - 97,4,0,4
øıµø2µø,98 - 98,3,0,3
øıµø2µø,99 - 99,1,0,1
